% # iter+eval+sigma+0+fitness+xbest, seed=126486, Wed May 08 17:23:41 2013
1 10 0.42943069559 0 17553.7189325 0.513245419599 0.0 0.0 0.0923296224873 0.284168723591 0.534372443356 0.831867582217 0.0 0.0 0.0998993360927
2 20 0.414431384997 0 40095.3413545 0.0337220074589 0.259677403247 0.563598393076 0.440617716301 0.0 0.320984434606 0.37655931567 0.504691972192 0.351417625865 0.0
3 30 0.384919294548 0 111700.627445 0.0 0.0 0.289778512973 0.815644797952 0.0 0.873634506063 0.289449831289 0.0 0.0 0.0
4 40 0.382101438814 0 29835.0562924 0.792647619107 0.256175142129 0.0 0.537869489906 0.0 0.459527776446 0.270190121958 0.572382007208 0.0 0.0
5 50 0.365312885216 0 16750.3037681 0.377182912658 0.885675709659 0.140680405322 0.0 0.311936211781 0.893774668806 0.646575060929 0.0 0.0 0.0
6 60 0.356191158228 0 14727.7107973 0.0 0.503193301083 0.676203604689 0.526609836391 0.0 0.372503133534 0.0 0.145212360182 0.0 0.0
7 70 0.356188887999 0 33117.3400875 0.0151410240318 0.0 0.206959344327 0.406121174226 0.0 0.750001794198 0.33386987501 0.188979544389 0.0 0.0
8 80 0.331728856941 0 9438.7194315 0.603884734113 0.427083868435 0.0149767655141 1.03656904544 1.16530481593 0.114265700423 0.346052059725 0.0 0.0 0.0157086517231
9 90 0.303358770105 0 15700.9996296 0.317692643928 0.151956710139 0.0975854968439 0.950817675349 0.187355052923 0.384537855093 0.0 0.169528917711 0.112681828539 0.0
10 100 0.263716858236 0 6718.12538095 0.515187354779 0.338924052139 0.00528148112412 0.264583357413 0.186537478871 1.20091131099 0.340241638398 0.0 0.0 0.0
11 110 0.231525189868 0 4271.61506061 0.483613327602 0.265744800448 0.0 1.07838680346 0.40503856178 0.0 0.469294006804 0.0 0.0 0.0
12 120 0.207440117965 0 731.94123927 0.0527618048372 0.726110245305 0.265017892153 0.728249676411 0.0501844000436 0.443815927634 0.130080251184 0.0 0.0192940522688 0.0
13 130 0.186362170543 0 6365.84113933 0.265654621066 0.411851528961 0.338397913141 0.891732080612 0.253237100933 0.940002230458 0.197267936975 0.15069362532 0.0 0.0
14 140 0.18547430654 0 1969.57869164 0.165995321285 0.984957146871 0.483084981335 0.565597413061 0.0778657171746 0.573022327535 0.321790315712 0.0 0.0283235743333 0.0
15 150 0.185873044023 0 3447.76012817 0.0 0.667554893819 0.400383751505 0.774325671342 0.104933636193 0.444112170301 0.332938101768 0.0 0.0 0.0
16 160 0.174518735029 0 4701.9230176 0.0346099510931 0.871208707606 0.390767084363 0.792412474374 0.206453850626 0.463201272705 0.307687782929 0.0 0.0 0.0
17 170 0.157441151154 0 1830.18501947 0.118780334882 0.647779050702 0.0428673346396 0.545822194033 0.494047909839 0.292075931671 0.275885783421 0.038523120785 0.0349770568574 0.0
18 180 0.13835489618 0 1129.23366434 0.0966253510124 0.93257411215 0.355044702955 0.415088112725 0.470502077513 0.49334707817 0.204092827828 0.0 0.0 0.0
19 190 0.132817550654 0 1579.67189014 0.251903923941 0.90303650823 0.2483228504 0.672417105554 0.153891407226 0.358509745795 0.344802810838 0.0 0.0156089109643 0.0
20 200 0.131045438713 0 2632.75811546 0.515617023137 1.27703498096 0.0831752129603 0.769870230761 0.0527715354598 0.438072231225 0.281404311933 0.0 0.0414671814314 0.0
21 210 0.117810767523 0 3830.33733126 0.412474886385 0.65312895798 0.0 0.726401250227 0.257674369664 0.393659428423 0.395104236413 0.0 0.0 0.0
22 220 0.113533644429 0 3841.16144036 0.313680067254 0.820743844813 0.224132139978 0.620232251268 0.399168238845 0.634120552298 0.25868505396 0.0899527115698 0.0291592907444 0.0
23 230 0.104409724849 0 3324.92318633 0.48319711075 0.925917436182 0.257812898764 0.570692370407 0.234097465953 0.553877702931 0.238906985188 0.04159941974 0.0 0.0
24 240 0.0949425454927 0 2883.32834358 0.248717116728 0.746032430181 0.0463848093754 0.772461215407 0.127342727964 0.585370310033 0.223512020076 0.113537881009 0.0547206100855 0.0
25 250 0.0880706410153 0 1662.64032601 0.19959009737 0.755285565749 0.179769278276 0.433233306946 0.279934683586 0.516037809775 0.197296588108 0.0 0.0311918779018 0.00126631900928
26 260 0.0853945157038 0 2042.37834522 0.259828372366 0.732797825233 0.120553523113 0.722674030057 0.201780249673 0.499313064908 0.254592113664 0.0119823956607 0.0352044893927 0.0
27 270 0.0835168632158 0 2106.46090413 0.421580979348 0.588692430499 0.170280485826 0.794723560604 0.401714966728 0.528469838781 0.235248656466 0.0 0.0272639287668 0.0
28 280 0.0847919143848 0 1433.46091786 0.432286151376 0.788349854757 0.0601231794123 0.687663240472 0.123250990498 0.666048069736 0.198393671135 0.0 0.0 0.00515960740895
29 290 0.0848673941189 0 1250.02011362 0.339852748426 0.73032826569 0.0724075219532 0.565760068325 0.114880696567 0.633149690173 0.0917815816544 0.0 0.0 0.0
30 300 0.0840401979673 0 1224.07515091 0.29614136292 0.673333278774 0.111793955734 0.649321963995 0.193538646994 0.605153810407 0.168627877283 0.0 0.0 0.0
31 310 0.0843259548891 0 1441.64305441 0.30962092696 0.687841523195 0.239763080561 0.529894403791 0.224259722114 0.621879162209 0.148324683937 0.0 0.000980491722608 0.0
32 320 0.0856394066212 0 1136.08001502 0.38977926332 0.546662578895 0.263628608015 0.413383746568 0.0553176431267 0.576846753646 0.167054965702 0.0409186756373 0.0137702540551 0.0
33 330 0.0831465109959 0 828.286489687 0.338935134474 0.651897895626 0.136200550017 0.629629946999 0.155752226256 0.541243345313 0.0493963623624 0.0 0.0 0.0
34 340 0.0859482372904 0 1418.2668041 0.643406044777 0.645930310546 0.0184697090966 0.649587721938 0.202621836165 0.501295052349 0.0963538165079 0.0526908702972 0.0 0.0162754461855
35 350 0.084896421037 0 960.284702742 0.585884797605 0.548291326863 0.126955969182 0.658823244387 0.16353745589 0.523996319187 0.0575700356225 0.0 0.0 0.0110029648124
36 360 0.0813052137132 0 994.22859777 0.594414870561 0.644334754789 0.196892133539 0.502125412692 0.0848771430584 0.566256526585 0.085791633925 0.0 0.0 0.0
37 370 0.0785362230569 0 909.322289635 0.469367229765 0.606875105222 0.403795438731 0.567916494466 0.135482030139 0.429151721729 0.0610055829634 0.0721568854375 0.0 0.00273013954546
38 380 0.0762287427266 0 1471.79833821 0.548035467124 0.476472743146 0.195210263741 0.609785185071 0.0893740292878 0.582346883863 0.0 0.0 0.0 0.0
39 390 0.0785649341581 0 854.04040046 0.574802984628 0.623702792348 0.290759891169 0.72915847737 0.079689188627 0.525792485586 0.0184841613915 0.063285787328 0.00647822097168 0.0
40 400 0.0745306649409 0 763.588475073 0.5038984109 0.540696314024 0.303547690003 0.702097334443 0.0682057696884 0.573476000812 0.0 0.0 0.0 0.0
41 410 0.0684942620706 0 1170.40936375 0.560557504635 0.446835153454 0.384996272714 0.509588828021 0.020506683505 0.556853707848 0.0 0.0250263250196 0.0 0.0
42 420 0.065921892503 0 958.096729574 0.495666616034 0.59775063526 0.34403452452 0.664134225076 0.000415748410883 0.567530825261 0.0 0.0 0.0133077041219 0.0
43 430 0.0593380196236 0 626.779837007 0.511395356054 0.641070861386 0.394939337754 0.681106673262 0.145196258556 0.40259222687 0.0689845464122 0.0602144480919 0.0 0.0
44 440 0.054310360072 0 639.314785351 0.51698137217 0.583608027709 0.2496509232 0.708846551992 0.0536424464786 0.419950016766 0.000982619606244 0.0 0.0275107846014 0.0
45 450 0.0508917716732 0 640.894365702 0.519417644144 0.619791098843 0.31883902142 0.636780098706 0.113166830661 0.45955572098 0.032484337673 0.0266152239248 0.0 0.0
46 460 0.0533129461042 0 414.954597202 0.574623592769 0.57626472584 0.352691428526 0.591282925348 0.0579780405537 0.327171919186 0.00379432623632 0.0219356053906 0.0 0.0
47 470 0.0515841003963 0 424.660658871 0.600931160726 0.643907036821 0.349505701277 0.635886644621 0.0719943233627 0.324607059922 0.0321824550079 0.024233969869 0.0 0.0
48 480 0.0499526142669 0 315.182504229 0.500808080232 0.564549840114 0.414371453696 0.682758810165 0.0343578181792 0.348415775975 0.00692411885893 0.00352059041589 0.0 0.0
49 490 0.0479326561874 0 635.474282076 0.593842022725 0.492847105212 0.421030781907 0.700731680995 0.00888040333932 0.341334267754 0.0 0.018090708781 0.0 0.0
50 500 0.0464006383998 0 477.583822636 0.528633433408 0.54713275301 0.376086754924 0.743097368812 0.0 0.29743989163 0.0 0.0243540842461 0.0 0.0
51 510 0.0484595347299 0 228.621496392 0.458590230878 0.55025293411 0.402347178217 0.613404639482 0.040627191393 0.236237090338 0.00264166096019 0.0373701531992 0.0 0.0
52 520 0.0473576992849 0 373.392598581 0.478720936279 0.532014477183 0.394253615094 0.642921975281 0.0712534766133 0.297151558295 0.0 0.0128678021515 0.0 0.00885714821345
53 530 0.0476895991908 0 192.379608778 0.495115095381 0.603782290327 0.34177264972 0.706623332616 0.0333239767912 0.207248847535 0.0 0.00561404805832 0.0 0.0
54 540 0.0485693641409 0 162.475326049 0.468531934692 0.563659814116 0.327849050525 0.634018402008 0.0192453407629 0.202821978749 0.000596298950295 0.00304897455475 0.0116087986532 0.0
55 550 0.0494641436883 0 148.954119987 0.49482405947 0.567821407857 0.396744558537 0.667545644691 0.0567134700649 0.130484735706 0.00248352299023 0.0177332790758 0.0 0.0
56 560 0.0485827878083 0 173.919253599 0.528265021402 0.496702407361 0.383672927665 0.623370496652 0.0 0.14454330517 0.0 0.0173542333662 0.0134817103108 0.0
57 570 0.0476074546208 0 93.7277977525 0.473651251039 0.609196721655 0.399730417166 0.61168568532 0.0676342627713 0.11113140013 0.0318183995593 0.0 0.00748412588744 0.0
58 580 0.0451947207176 0 143.036934488 0.391354272369 0.595593755926 0.433110751093 0.548253020827 0.0510415316958 0.181584194595 0.0523377200823 0.00809394655034 0.00454862736188 0.0
59 590 0.0468802069746 0 218.660143918 0.45361165953 0.558970948932 0.431897660785 0.572466353037 0.014218947695 0.120347292282 0.0 0.0 0.00599508795026 0.0
60 600 0.0430827482322 0 186.696497131 0.45791731258 0.642042028257 0.443130737113 0.603862380136 0.0690746162498 0.132591881195 0.0607145634699 0.0 0.0 0.0
61 610 0.0377864781556 0 153.091418324 0.458796615889 0.584532260396 0.480870340246 0.614239855114 0.0657524925578 0.115285598916 0.0285024653624 0.00920403439362 0.0145133723644 0.0
62 620 0.0379684250808 0 46.805348535 0.495753718848 0.558417698449 0.488390666684 0.525340271093 0.0844746810544 0.0634948434067 0.00614036309789 0.0 0.0 0.0
63 630 0.0378010653653 0 70.1519361419 0.456996846462 0.534349445162 0.462240540115 0.604774339259 0.0914165553201 0.0697708350222 0.0128674261717 0.0156834063737 0.0 0.0
64 640 0.037949118424 0 48.8284069805 0.53160941281 0.527683882407 0.452174305262 0.589493270987 0.0616152518506 0.0521263923922 0.00694281572624 0.0 0.0 0.0
65 650 0.0380197503484 0 65.5235530796 0.487555258931 0.533009213476 0.489766359135 0.559048087897 0.0460506165593 0.0581024035721 0.00727895681263 4.86107774197e-05 0.0 0.0
66 660 0.0379762054615 0 83.6976833406 0.457285860318 0.490184559397 0.498982944052 0.545838231913 0.0788498120743 0.0343134296353 0.0253311434117 0.0 0.00588874795363 0.0
67 670 0.0357349915972 0 82.2576050815 0.444946607112 0.53451272429 0.475198021565 0.530913203512 0.0838631066338 0.110398524145 0.0 0.0 0.00215247971922 5.05094981119e-05
68 680 0.031565459614 0 58.172347346 0.46444457553 0.541614237779 0.475904969625 0.505656137468 0.0610497759791 0.044645657014 0.0331459370935 0.0 0.0 0.0
69 690 0.0301758845768 0 40.3584009378 0.418206238399 0.509456012113 0.445719521036 0.541820042626 0.0829953228693 0.0193479490828 0.00465849573931 0.00355167549077 0.00152570349724 0.000184453558645
70 700 0.0288104232779 0 56.3771538875 0.441281719549 0.540998427763 0.518286151172 0.576604914587 0.0913956517854 0.0278484841979 0.0 0.0 0.0 0.0
71 710 0.0297203433332 0 54.1895426548 0.41139393677 0.510653199157 0.441333483846 0.524422371985 0.112921753809 0.0 0.0 0.0 0.000475698698099 0.0
72 720 0.0289714956423 0 56.7065521237 0.405244391799 0.531964907495 0.494702802916 0.58004227742 0.132217302868 0.0 0.0184243368778 0.0 0.00144783717024 0.0
73 730 0.0290361495999 0 112.665716861 0.437437773338 0.503158668363 0.503962326552 0.559056713309 0.125608924885 0.0 0.0 0.000925936520061 0.0 0.00603693171648
74 740 0.0285918442188 0 55.5722243042 0.463221457258 0.535886672085 0.489797790384 0.588935855927 0.129672376466 0.0470873243864 0.011996429074 0.00180272588565 0.0 0.0
75 750 0.0269081361695 0 50.5091708667 0.462052629998 0.574265429391 0.513344445542 0.563572277753 0.126842742769 0.0315830953735 0.0127475035596 0.00134741990128 0.0 0.0
76 760 0.0262316018972 0 60.1476352449 0.469459686917 0.548616158056 0.497109645553 0.596996267642 0.14141254501 0.0 0.00809169675922 0.0 0.00314646748673 0.0
77 770 0.0271911817021 0 69.6849696013 0.487888139847 0.539145218278 0.530454866135 0.555520167309 0.157396584776 0.0 0.0 0.000863554608757 0.0 0.0
78 780 0.0271432403009 0 62.1058447117 0.512248332954 0.5285564051 0.527281876061 0.621386496383 0.148161560362 0.0196961768942 0.016722128299 0.000909731671432 0.0 0.0
79 790 0.0262888683533 0 59.084787696 0.491656332296 0.528849325767 0.554694929951 0.606663744877 0.131977817514 0.00568579112445 0.000838206407846 0.00706498954881 0.00410680307008 0.0
80 800 0.0253723673987 0 78.1056881263 0.529654570826 0.526684374829 0.539984230868 0.583052804206 0.138435452804 0.0147855661997 0.0238234470234 0.0 0.0 0.0
81 810 0.0234822492099 0 73.9487602922 0.530682096248 0.511670361271 0.535136425448 0.601420849221 0.117702140754 0.0199778923342 0.0161245305425 0.0159931511136 0.00116545640556 0.00283837826273
82 820 0.0208836537956 0 65.4744249717 0.49987028803 0.522021733954 0.536854387715 0.59960453564 0.142445308053 0.0462240815997 0.0 0.0 0.0 0.0
83 830 0.0208092897801 0 54.5147491204 0.488919196288 0.53722326034 0.519178639052 0.578599809457 0.103998790563 0.0181346715798 0.0147396444225 0.00314340960898 0.0 0.0
84 840 0.0203068458136 0 48.4857559789 0.481113415099 0.512271434029 0.551529804234 0.57194948406 0.0860695931511 0.0 0.0 0.0 0.0 0.0
85 850 0.0190298468184 0 53.3728364632 0.456408224251 0.523384730528 0.532685519763 0.562199586488 0.111141338483 0.0 0.0124047716874 0.0 0.0 0.0
86 860 0.0180514791147 0 58.5465570904 0.468213254559 0.536589332524 0.545101976809 0.532146385678 0.101475683063 0.00832428173204 0.0190715164318 0.0 0.0 0.0
87 870 0.0165245684108 0 55.2806337219 0.471942172655 0.539428482643 0.55373837377 0.562519605502 0.111534422569 0.0 0.00535885098311 0.0 0.0 0.0
88 880 0.0154892689161 0 51.6102440497 0.479445302718 0.522287739089 0.555433249907 0.578672770028 0.121006891026 0.000536196053261 0.0129243464762 0.0 0.00193776240031 0.000657488745665
89 890 0.0144797596114 0 48.1000987675 0.464876870219 0.49011642514 0.554740545022 0.555172868962 0.107494497512 0.0 0.0 0.004860761474 0.0 0.0
90 900 0.0135671676473 0 50.6600621952 0.473758749343 0.528874767706 0.554002506442 0.556438463987 0.110287928212 0.00821627757515 0.0133987845662 0.0 0.0 0.0
91 910 0.0128318693119 0 49.7183733867 0.494418351375 0.531855951678 0.5536278296 0.546631133907 0.126296609104 0.0199992860264 0.0138022287224 0.0 0.0 0.0
92 920 0.0126318944994 0 51.4794601961 0.494377759327 0.518850956303 0.569028866979 0.541131266399 0.116132822156 0.00349425974104 0.0140034669954 0.0 0.0 0.0
93 930 0.012583080494 0 46.5772913838 0.474043752921 0.511564671685 0.552377699371 0.545327685037 0.12640433747 0.00799955572544 0.0104499098841 0.00196806759725 0.0 0.0
94 940 0.012948582368 0 49.0277330822 0.491419246209 0.515121365828 0.559937538441 0.531043406089 0.120834344249 0.0 0.0168418251528 0.0 0.00086961165697 0.0
95 950 0.0129481705605 0 45.5322583848 0.476551011894 0.539811004388 0.547402443203 0.534461828269 0.109727143685 0.0354014119423 0.00760005965095 0.0 0.0 0.0
96 960 0.012548343908 0 46.6795320038 0.496143752757 0.504885924714 0.566083485238 0.546924366558 0.105087837301 0.032987947993 0.0 0.0 0.0 0.0
97 970 0.0119487631348 0 45.7382371438 0.484840630198 0.526753544318 0.57848440336 0.531481996459 0.112517972048 0.00957118595088 0.0 0.00543145588346 0.0 0.0
98 980 0.0122251368807 0 47.0084950078 0.47417383795 0.526421307642 0.581688014275 0.531539059314 0.0979185673077 0.0158975846182 0.0 0.00206832737305 0.0 0.0
99 990 0.0123221758881 0 43.8738348761 0.492584996402 0.517952357013 0.593753524887 0.533751564324 0.108311065764 0.0125652014072 0.00130840958491 0.00325311245975 0.000191828370945 0.0
100 1000 0.0115484751193 0 48.7157925959 0.505196038841 0.519167437791 0.590885855496 0.535667395159 0.108954506906 0.0243075896257 0.0 0.0 0.0 0.0
101 1010 0.0108032222989 0 48.2666764844 0.481337247792 0.50171763935 0.575149942725 0.547207449461 0.10062791356 0.0133012773793 0.0 0.0 0.000943345094629 0.0
102 1020 0.0105864180468 0 47.0028691491 0.494051808187 0.521864170586 0.59877101105 0.536244313578 0.110296058385 0.00884342014822 0.0 0.00830257621972 0.0 0.0
103 1030 0.00979131936379 0 48.0278028385 0.498848594021 0.522333969413 0.596589574388 0.553490232559 0.116736720762 0.000454977181227 0.0 0.000994676894823 0.0 0.0
104 1040 0.00973101468137 0 43.137858042 0.490634930248 0.522393213881 0.593643734496 0.534374812471 0.102333104985 0.00548197919473 0.00264443517375 0.000791139542057 0.0014578567399 0.0
105 1050 0.00945700641401 0 42.852149252 0.49330208978 0.519837424958 0.580157802754 0.527768055262 0.0983360759839 0.0158713864385 0.00989351351514 0.0 0.0 0.0
106 1060 0.00969873133834 0 41.2109288495 0.484086881838 0.522576678761 0.59850011427 0.5190329661 0.0951338089532 0.00724445740451 0.00316648802368 0.000792086625916 0.0 0.000780368785505
107 1070 0.0105928663667 0 40.7206489847 0.48429569748 0.512862679704 0.592206161716 0.51494217629 0.0856046765025 0.00119807305881 0.00549649078828 0.0 0.00201639588227 0.0
108 1080 0.0115834512633 0 43.6799299974 0.488641132431 0.502865181294 0.597843937577 0.508414318736 0.0860147733391 0.0201419398526 0.0105961752509 0.0 0.000441849203087 0.0
109 1090 0.0115100664984 0 40.0924614654 0.477783869891 0.516253169013 0.577949134275 0.524970012105 0.0767321124807 0.0227210627365 0.00162208469108 0.0 0.0 0.0
110 1100 0.0113653272446 0 40.353955166 0.479502921513 0.50534565663 0.589617286328 0.513564119422 0.062434531954 0.0384902273345 0.00270008535705 0.0 0.0 0.0
111 1110 0.0114769382216 0 40.7807482606 0.496100270878 0.517786315703 0.58929357197 0.492954779239 0.0644656433068 0.0296339593049 0.0100038935185 0.0 0.0 0.0
112 1120 0.0129509309425 0 38.4876733728 0.483664046973 0.514095370769 0.591548075827 0.491055468878 0.070830317554 0.0212695426709 0.00648432228285 0.0 0.0 0.0
113 1130 0.014446792187 0 36.9516859413 0.452407599717 0.5281366523 0.575010854758 0.478977799716 0.0450340980794 0.0332402045685 0.00955056599604 0.0 0.000214163619145 0.0
114 1140 0.0142031569901 0 37.5984052044 0.460839141275 0.527872572401 0.580402986315 0.497279121452 0.0682917363636 0.0196193309586 0.00786947128932 0.00245332422873 0.0 0.000462330926819
115 1150 0.0144802324987 0 39.0901003308 0.447527137854 0.524236146024 0.568399322739 0.496615279835 0.0740397060795 0.0 0.0 0.000723277283981 0.0 0.0
116 1160 0.0150716730269 0 34.5537670291 0.455443301054 0.524535943496 0.597246200147 0.471208116001 0.054761786855 0.0128631798875 0.00864135296435 0.0 0.0 0.0
117 1170 0.0154089691369 0 32.5436052953 0.448129042958 0.533270296394 0.557518851299 0.464422100952 0.0550637318289 0.0232464922293 0.0043112940276 0.0 0.0 0.0
118 1180 0.0142229619653 0 36.3582247178 0.457995553426 0.535517339453 0.553085084836 0.482943664708 0.0526111390328 0.0142743665465 0.0 0.00242197449888 0.0 0.0
119 1190 0.0130593975154 0 34.7649870849 0.466062028165 0.521026567819 0.565262920298 0.493981585972 0.0626304745534 0.00862400829604 0.0014532216421 0.0 0.0 0.0
120 1200 0.0127081454544 0 34.3198811884 0.476627632245 0.512929857012 0.586551058295 0.463215015927 0.0622745432461 0.0308271924588 0.00393807110264 0.0 0.0 0.0
121 1210 0.0129762951696 0 31.7281548427 0.459475046914 0.521946082941 0.566212634273 0.458428280823 0.0321206834953 0.0244517212243 0.00750230233163 0.0 0.0 0.0
122 1220 0.0137988044315 0 29.8333213078 0.456509880128 0.523167051151 0.574771990478 0.451001456171 0.0136375427038 0.0190577774302 0.00167340903057 0.0 0.0 0.0
123 1230 0.013691220815 0 29.1366908793 0.437292252392 0.53163233711 0.548406607702 0.444107346928 0.029590324049 0.021807701586 0.0 0.0 0.0 0.0
124 1240 0.0127884414411 0 29.8828117005 0.441172006292 0.533005817132 0.543249676322 0.448231549866 0.0446615066796 0.020479741275 0.00301254455774 0.0 0.0 0.0
125 1250 0.0119598996202 0 31.0379271821 0.424172186128 0.53884558378 0.540154508321 0.450383961003 0.0235849420275 0.0 0.0 0.0 0.0 0.0
126 1260 0.0114515491763 0 29.4174577679 0.455194192641 0.529237208007 0.568583799384 0.438073366399 0.0330575839215 0.0200038198101 0.00609037415615 0.000550639051222 0.0 0.0
127 1270 0.0115446593293 0 30.5444993681 0.455173758107 0.534254166439 0.548341205566 0.436755409445 0.020522061193 0.0282741548111 0.0 0.0 0.0 0.0
128 1280 0.0118051629345 0 26.9615268276 0.4451470219 0.530676376203 0.562312960569 0.419733912816 0.0203674912264 0.0120664451659 0.00721177209419 0.0 0.0 0.0
129 1290 0.0128310020882 0 28.5990601366 0.446166544328 0.533521379307 0.55761439219 0.416411068147 0.0196503261952 0.0247575313035 0.0113935179965 0.0 0.0 0.0
130 1300 0.014446664171 0 25.8100327442 0.428721469563 0.55399930729 0.523933747323 0.404401379335 0.0194528396273 0.0159530927336 0.0109981547475 0.0 0.0 0.0
131 1310 0.016061067942 0 27.3394925105 0.422447544321 0.546126650368 0.540323282308 0.399040214808 0.0347048473057 0.0 0.0116276058711 0.0 0.0 0.000193229699369
132 1320 0.0166616931529 0 24.4515869769 0.409985591913 0.544255178333 0.53358009769 0.381466038154 0.0236740680003 0.0 0.0124092996087 0.0 0.0 0.0
133 1330 0.0166361820335 0 23.2583089752 0.386075280956 0.54613464304 0.516078656384 0.355589820179 0.0 0.0147044099003 0.0108489011319 0.0 0.0 0.0
134 1340 0.0167824334175 0 21.3476916886 0.428299766633 0.525116773655 0.541473171094 0.344371044491 0.0112857253123 0.0189755436237 0.00878960924641 0.0 0.0 0.000317970523385
135 1350 0.0178373126691 0 21.224503713 0.417314901812 0.538635335471 0.533194275621 0.343065159605 0.00361430715486 0.0125930590361 0.000489030496204 0.0 0.0 0.0
136 1360 0.0181740978846 0 23.924612414 0.383798046666 0.55570741331 0.515258188551 0.284530071487 0.0 0.0207195311469 0.0171058443131 0.0 0.0 0.0
137 1370 0.0179022208315 0 18.3254248665 0.407715805062 0.553823372981 0.537088823236 0.303976138593 0.0102689038101 0.0084884231743 0.01013576672 0.00102828711979 0.0 0.0
138 1380 0.0210175913433 0 15.155829481 0.401345412366 0.561161033385 0.520549989427 0.231228284245 0.00912853722816 0.00757720213614 0.0147856719984 0.0 0.0 0.0
139 1390 0.0235496812127 0 16.198609942 0.431174726475 0.54395328804 0.560425632681 0.230826461202 0.00885912708065 0.0 0.00685563391475 0.00573836639973 0.0 0.0
140 1400 0.0255340812206 0 17.4064916064 0.419331570514 0.560463757876 0.550159861728 0.227059721872 0.0314850628594 0.0 0.0 0.0 0.0 0.0
141 1410 0.0235153568553 0 16.7983076843 0.421490426014 0.558379641863 0.532785730778 0.271371798384 0.0231569177701 0.023786743882 0.00475083699581 0.0 0.0 0.0
142 1420 0.0219672570851 0 14.8565020915 0.380579817562 0.565067851689 0.495089019986 0.214580372824 0.0 0.0190847564904 0.0101099871424 0.0 0.0 0.0
143 1430 0.0201243657086 0 15.7168605081 0.352839875146 0.54188405944 0.491331142655 0.158315647093 0.0 0.00595072138111 0.00499984103685 0.0 0.000208752662674 0.00218617782225
144 1440 0.0173641607528 0 18.969893556 0.394677613713 0.53476314373 0.522431191057 0.233085186517 0.0106439585952 0.0 0.0 0.0 0.0 0.0
145 1450 0.0155157509218 0 15.3887753072 0.407353899657 0.554504288857 0.518623690211 0.250715307018 0.0145899687264 0.0160268357223 0.00963340129132 0.00108347555183 0.000610700502652 0.0
146 1460 0.0135904099731 0 15.8954706602 0.386475158742 0.552448124068 0.516062502952 0.252442348789 0.0300128930393 0.00365036352488 0.00867659929572 0.0 0.00160966285894 0.0
147 1470 0.0134510128959 0 16.1315418575 0.394768631818 0.560570762965 0.522215661868 0.277273282657 0.00859112340676 0.00419532344706 0.00093897679987 0.000585260150772 0.000706951747887 0.0
148 1480 0.01299956805 0 15.2863712349 0.391902194599 0.549924099127 0.538312533147 0.239252534167 0.0163165928759 0.0138357271919 0.0079860057541 0.00172573032389 0.0014449122993 0.0
149 1490 0.0132700934709 0 13.65661384 0.392807178317 0.551174082328 0.547342833591 0.210705599471 0.0 0.0176479041831 0.00622693427778 4.67204010319e-05 0.000804272256754 0.0
150 1500 0.0130996354599 0 12.8185949156 0.379147730225 0.555574512512 0.531382940109 0.215465742194 0.000819916953062 0.0146694052617 0.0 0.0 0.000492456680608 0.0
151 1510 0.0130378580839 0 13.4170683826 0.384515512503 0.544303184895 0.540676029233 0.201523060222 0.0 0.00143542291133 0.00516004530611 0.0 0.0 0.0
152 1520 0.0123724650576 0 11.8989305023 0.352453225993 0.551693812432 0.545783826375 0.154925334994 0.0 0.0 0.00533266837238 0.0 0.0 0.0
153 1530 0.0115678031091 0 14.8561789624 0.346505762726 0.553325507718 0.534966488192 0.175315123527 0.0 0.00802982474304 0.000683560031735 0.0 0.0 0.0
154 1540 0.01162895109 0 12.3086482887 0.384892837514 0.559622833266 0.522537734034 0.196457486545 0.0124833963632 0.01293291379 0.00507833484675 0.00243026003139 0.0 0.0
155 1550 0.0131983201468 0 11.1290992426 0.383802601843 0.564825262557 0.509896581138 0.171646173757 0.00637601363192 0.0105019016401 0.00538084679384 0.00296236645237 2.7256047446e-06 0.0
156 1560 0.0148803123961 0 10.4942874826 0.381133157994 0.569070450516 0.511853845119 0.161315779088 0.0165370212393 0.013327508424 0.00299167186102 0.0 0.0 0.0
157 1570 0.0152082525874 0 10.3163048902 0.358212377915 0.565724365757 0.4989738877 0.136923294835 0.000111433198551 0.00710235706498 0.00284454370616 0.0 0.00235505869042 0.0
158 1580 0.0167265378402 0 9.59887628182 0.377178816377 0.580837179575 0.480784605488 0.132810875114 0.0113463181567 0.0123258290336 0.00735199670991 0.0 0.000316777928486 0.000444445467105
159 1590 0.017021497119 0 9.53793698243 0.380877165963 0.565941062707 0.499870253055 0.0983095315461 0.000667540423515 0.0163879058607 0.0072103253413 0.0 0.0 0.0
160 1600 0.0170401069338 0 10.2858283905 0.350740217626 0.580333366635 0.456468716444 0.103457445647 0.013296853207 0.0 0.0 0.00133382945353 0.0024081531992 0.0
161 1610 0.0162969802017 0 11.1291123215 0.343670548516 0.5827272488 0.495124595902 0.0851230641735 0.0 0.0 0.00253975142807 0.0 0.000845570792092 0.0
162 1620 0.0153230370235 0 9.26819055683 0.356327702797 0.594635336292 0.484107635941 0.0964458795282 0.0264575321681 0.0138306600119 0.0 0.00191583427604 0.0 0.0
163 1630 0.0135999233437 0 9.18926603258 0.392115929547 0.570296888662 0.492279577308 0.107187074168 0.0317290994238 0.00393170669751 0.0 0.0 0.0 0.0
164 1640 0.0139329022171 0 7.30124482144 0.359807160976 0.594655964542 0.472553000912 0.0635308450632 0.0140023645312 0.0101862469179 0.000359110495527 0.0 0.0 0.0
165 1650 0.0148591250871 0 6.73169326354 0.35743156777 0.595085272938 0.448288229075 0.0456044320199 0.0190282092342 0.00870974120021 0.00153732785129 0.0 0.000559821951601 0.0
166 1660 0.014653043459 0 8.03355446972 0.361103697961 0.593717602764 0.434605303192 0.0747436623932 0.0214058953674 0.0144223518034 0.00133464502452 0.0 0.0 0.0
167 1670 0.0154851187067 0 7.20586126025 0.359032666259 0.608213074363 0.437421568545 0.0323162651303 0.0169258453828 0.0055734467298 0.00966100020982 0.0 0.0 0.0
168 1680 0.0154030918962 0 7.20705852399 0.331703220648 0.616816093949 0.427197884552 0.0 0.00449072200943 0.0107012094281 0.00317827702298 0.00103503362188 0.0 7.14386327355e-05
169 1690 0.0144741420257 0 6.64256114676 0.329544452811 0.610107578821 0.431891337608 0.00958104814663 0.0115844609202 0.00441726082075 0.00199629416425 0.00251257011716 0.00125838938226 0.0
170 1700 0.0136488209049 0 6.46331525252 0.342777514655 0.598834362102 0.439345477688 0.035098001773 0.0107990454871 0.0116701561075 0.00217637366022 0.000316394744348 0.0 0.0
171 1710 0.0125027328983 0 5.799125546 0.333764853595 0.624961629396 0.417952429162 0.0230441392661 0.0106798562833 0.0 0.000232460079347 0.000321094999916 0.0 0.0
172 1720 0.0114838932594 0 6.47610973161 0.339203528886 0.617456540529 0.428700975233 0.0175223484961 0.0129500944992 0.00355790084911 0.00373246330115 0.0 0.000143672113711 0.0
173 1730 0.0106442510344 0 6.70893450479 0.334658509567 0.62149146823 0.423901856731 0.0 0.00537271757473 0.00776034992075 0.00342330492304 0.000380942726834 0.0 0.0
174 1740 0.00984498753327 0 6.10369626461 0.351820703316 0.610594686323 0.421509032735 0.0 0.0182726980037 0.0 0.00281892134743 0.00112840533081 0.0 0.0
175 1750 0.00982330371208 0 5.70713487092 0.323936602853 0.613748922422 0.41656786708 0.00428090966582 0.0154464167827 0.0 0.000512720192974 0.0 0.0 0.0
176 1760 0.00956669102399 0 6.00594673632 0.331510379315 0.605434494073 0.424121667069 0.0021895121974 0.0176771240959 0.000115379855658 0.00372806832683 0.000865324223925 0.0 0.0
177 1770 0.00950995515455 0 6.43054602094 0.329956413466 0.612689060502 0.419757178849 0.0 0.00881776183462 0.0 0.0047306819691 0.0 0.0 0.0
178 1780 0.0102219129216 0 6.32449312854 0.333004142176 0.590033307662 0.432828166421 0.0228576841201 0.0212185072794 0.0105565070744 0.00245450503435 0.0 0.0 0.0
179 1790 0.010863701632 0 6.24781012802 0.31355150985 0.598332568054 0.428332719084 0.0 0.0180289261932 0.000725004789996 0.00516692916566 0.000598814160504 0.000441897073669 0.0
180 1800 0.0107923832673 0 6.15313071851 0.32035490623 0.583498328853 0.429556804893 0.0491230140181 0.00870400044341 0.0 0.00321231853873 0.0 0.0 0.0
181 1810 0.0109109016477 0 6.19186450751 0.327767951983 0.595806715199 0.423333196477 0.0 0.0197119375542 0.0 2.5703928493e-06 0.0 0.000308669082564 0.0
182 1820 0.00977627814901 0 6.42726556182 0.311717717198 0.594275049867 0.426657861595 0.00380814764792 0.00615501367217 0.00315647428351 0.0 0.0 0.000941472904365 0.0
183 1830 0.00941796343913 0 5.74363014029 0.321534701086 0.60554585163 0.420973220103 0.00833368672547 0.00929491251159 0.00582649838282 0.0 0.0 0.0 0.0
184 1840 0.00895969315063 0 6.07055133482 0.327567470648 0.6021750934 0.41815403754 0.0 0.0140263273688 0.00118240357414 0.00257965779657 0.000657942305551 0.0 0.0
185 1850 0.00863950235287 0 5.9649409772 0.331043872628 0.58584813257 0.434857686246 0.0217867820323 0.0113159872709 0.00371842839346 0.00226981328345 0.0 0.0 0.0
186 1860 0.00852242136261 0 5.93591927843 0.323044253905 0.594525591669 0.420666883601 0.0215508157021 0.0140137037507 0.00687040065953 0.0 0.0 0.0 0.0
187 1870 0.00853562390789 0 5.77849286725 0.327097235372 0.585881288547 0.429627000836 0.0309636282314 0.00344711089276 0.000313065534137 0.0 0.0 0.0 0.0
188 1880 0.0083874909046 0 5.75985987868 0.319085896876 0.587322383795 0.421106658159 0.0270210358409 0.00264658352152 0.00602457437739 0.0 0.000322503922548 0.000364494567625 0.0
189 1890 0.00817882111732 0 5.79718143692 0.330717514515 0.57708033525 0.434991335658 0.0175687549791 0.00169991699475 0.00233480622545 0.00129047094623 0.00032443956956 0.0 0.0
190 1900 0.00811793063173 0 5.71239321896 0.334060987728 0.587173073854 0.425198099999 0.0218674214207 0.00588521581897 0.00204819596745 0.0017565931922 0.0 8.72521055504e-05 0.0
191 1910 0.0084801919445 0 5.68136635469 0.329121550319 0.585879249781 0.423548825067 0.011574158199 0.00250670290957 0.000775696572091 0.00311884599531 0.0 0.0 0.0
192 1920 0.00745698735806 0 5.60516549719 0.329222167226 0.585381922737 0.416754877275 0.0 0.0 0.00101560257705 0.00362362102325 0.0 0.0 0.0
193 1930 0.00715483479385 0 5.82094876861 0.331197405056 0.583313236285 0.424967201974 0.0357770825306 0.0116983456081 0.00178390772439 0.0 0.0 0.0 0.0
194 1940 0.00644154099583 0 5.75268742035 0.319097122454 0.593235890916 0.413733580992 0.0 0.00131839930913 0.0 0.00223486174899 0.0 0.000353613964419 0.0
195 1950 0.00574434772514 0 5.72782399256 0.324265414273 0.580306510236 0.425894861151 0.00913905856006 0.0 0.00190121927714 0.00152142142659 0.0 0.000415096021181 0.0
196 1960 0.00558243240298 0 5.62407943221 0.321735775328 0.590551051921 0.416031361045 0.00405405159034 0.0 0.00214117629585 0.00367830309209 0.0 0.000347714397288 0.0
197 1970 0.00550384317101 0 5.56007484778 0.316975336522 0.592826102965 0.406178915979 0.0 0.00601851337452 0.00074940480559 0.0029682459321 0.0 0.0 0.000298711314124
198 1980 0.00529731212728 0 5.47666874624 0.318861139274 0.58816170608 0.402897851098 0.0 0.000793722490408 0.000530599913792 0.00485385756262 0.0 0.0 0.0
199 1990 0.00532674524815 0 5.34041712604 0.315876329715 0.586057430546 0.410426334705 0.00670410618624 0.00389044999065 0.000997805057453 0.000601545335811 0.0 0.0 0.0
200 2000 0.00517353089706 0 5.3547226875 0.312677042941 0.582419360252 0.412266853656 0.0 0.000802265524785 0.00270403325753 0.000310042868078 0.0 0.0 0.0
201 2010 0.00528228524695 0 5.36979338615 0.319126116429 0.589788175427 0.403861379463 0.00982831129851 0.00761534858145 0.00311330000201 0.00286261093539 0.0 0.0 0.0
202 2020 0.00555467031006 0 5.26219151911 0.309816128947 0.586988974556 0.401982888193 0.00144764023165 0.00359471437756 0.00419674882206 0.00203491711727 0.0 0.0 0.0
203 2030 0.0063917145676 0 5.27064434563 0.304410837817 0.595777882986 0.391249471601 0.0 0.00601281828437 0.00111488279917 0.0026160045282 0.000582254394015 0.0 0.0
204 2040 0.0069978273169 0 5.12082646612 0.305896306892 0.58812485555 0.391477804926 0.0 0.00689050750818 0.0 0.00120993961019 0.0 8.27488219241e-05 0.0
205 2050 0.00789067954722 0 5.01558713075 0.303611848516 0.596613801278 0.383846710038 0.0 0.00745538740287 0.000504956751084 0.000712977782838 0.0 0.0 0.000237773749777
206 2060 0.00847953469661 0 4.76553368682 0.296592662368 0.586624000274 0.377839907904 0.0 0.00312458480147 0.0 0.0 0.0 0.0 0.0
207 2070 0.00854856146024 0 4.87154154816 0.293273930243 0.58475471055 0.383925405339 0.000590298714593 0.00618226742382 0.00152520115981 0.0 0.0 0.0 0.0
208 2080 0.0078050450881 0 5.13488588952 0.291818392848 0.586639054749 0.383155486268 0.0 0.00735839293607 0.00182686157104 0.00123895930077 0.000126369224023 0.0 0.0
209 2090 0.00717850254948 0 5.08627788863 0.28683986135 0.587939765097 0.380249414814 0.00426239704691 0.00114835075949 0.0036402364219 0.0 0.0 0.000429805406766 0.0
210 2100 0.0068020120623 0 4.96312338632 0.284120540858 0.60207080538 0.36207378657 0.0 0.00815482678116 0.00117532858709 0.0 0.0 0.000263379017977 0.0
211 2110 0.00621339692407 0 4.93932210765 0.30127143662 0.589472388 0.378969772022 0.0227568282801 0.00942634234717 0.00113662953953 0.0 0.000197694792175 0.00045152282194 0.0
212 2120 0.00602924051852 0 4.82192702047 0.295838307381 0.588599572374 0.376756821355 0.00992293920034 0.00497247980887 0.0 0.0 0.0 0.0 0.0
213 2130 0.0058936479169 0 4.83573511871 0.297171018902 0.591942174499 0.374426815672 0.0129900676787 0.0034734675596 0.00601875565994 9.68171067051e-05 0.0 0.0 0.0
214 2140 0.00597905839708 0 4.65035504904 0.289311385664 0.599282000759 0.363032606159 0.00338941939432 0.00207408698017 0.00515023305591 0.0 0.0 0.0 0.0
215 2150 0.00653128600075 0 4.6013357013 0.281379826708 0.604963393503 0.350329705308 0.00268192821423 0.00696312943053 0.00693647800038 0.0 0.000989873008929 0.000133707013035 5.52784897748e-05
216 2160 0.00664032481185 0 4.61629944783 0.275006497844 0.597965677112 0.349673411419 0.0 0.00233453559533 0.00587281664379 0.00137823986087 0.0 0.000362079000607 0.0
217 2170 0.00664613441458 0 4.65740509705 0.27563025162 0.606513835435 0.343527007489 0.0 0.00644463262333 0.0034593626431 0.0 0.00113267148642 0.000222618812227 0.0
218 2180 0.00645970148338 0 4.36239660175 0.275610443138 0.606035654967 0.339751669989 0.0016295225273 0.000317152075889 0.00560167748098 0.000704291119665 0.000405837262769 0.000257323852342 0.0
219 2190 0.00596969628583 0 4.39905629545 0.274429432725 0.604574630415 0.342117969459 0.0 0.00274880612364 0.00580225894271 4.46506278527e-05 0.000617200414691 0.000234065577136 0.0
220 2200 0.00602294417576 0 4.52444699848 0.272671701775 0.59827334434 0.34411848605 0.0 0.0 0.00727175445185 0.00174531580288 0.000108152969395 0.000242182736402 0.0
221 2210 0.00603067320428 0 4.47155806215 0.28142280439 0.602577911196 0.342121404424 0.0074125831679 0.00307769469155 0.00694756329348 0.00100291211267 0.0 0.000533648535836 0.0
222 2220 0.00588584385418 0 4.41734925324 0.276559762948 0.613492351452 0.32933242622 0.0 0.00159308262058 0.00941871840758 0.000383350610407 0.0 0.000205842100007 0.0
223 2230 0.00596832094326 0 4.49868462008 0.27275594129 0.616475987544 0.328992566809 0.0 0.00400966921427 0.00908066654744 0.000961412468444 0.000355710794115 0.000346998409623 0.0
224 2240 0.00577685884461 0 4.38610060962 0.281172340784 0.612775819087 0.334042047025 0.00231669845421 0.00254589689544 0.00690248600611 0.00135075496199 0.0 0.000407122858674 0.0
225 2250 0.00566216736293 0 4.30798647508 0.279218737344 0.611677818524 0.331214511161 0.0 0.000653943376907 0.00591504424653 9.9422193233e-05 0.0 0.000108605261382 0.0
226 2260 0.00629858018509 0 4.21992010812 0.266729828469 0.613424751589 0.321563001248 0.0 0.0 0.00409794191532 0.0 0.0 0.0 9.57767181043e-05
227 2270 0.00691882265998 0 4.11873915023 0.262807726714 0.602144840548 0.321229059179 0.00313796121644 0.0 0.00620668198205 0.00147433145955 0.000146772623275 0.0 1.07596419221e-05
228 2280 0.00693454872072 0 4.12463274715 0.267818814856 0.608800406668 0.321592057559 0.00355002449699 0.0 0.00128827138353 0.00119742132877 0.0 0.0 0.0
229 2290 0.00740167002777 0 3.98991778683 0.25872410264 0.602858770436 0.317101327143 0.0115544552468 0.0 0.0029124187737 0.0 0.0 0.0 0.0
230 2300 0.00777867725465 0 3.88867717483 0.25801633765 0.617556540046 0.295078234495 0.000390391654094 0.0036095821307 0.00888190652663 0.0 0.0 0.0 0.0
231 2310 0.00799798412591 0 3.85581040854 0.250373675571 0.613336830144 0.30365725683 0.0 0.00399965348025 0.00408647457592 0.0 0.0 0.0 0.0
232 2320 0.00839395228184 0 3.94036014312 0.246387539857 0.626977250788 0.272844704661 0.0 0.00343428253633 0.010471965489 0.0 0.0 0.0 0.0
233 2330 0.0086145832564 0 3.84543232975 0.249415541042 0.62754174783 0.286073782618 0.0199472739286 0.00631982970244 0.00572212768731 0.00194285222202 0.000742056257705 0.0 0.0
234 2340 0.00907067206615 0 3.78556060243 0.23588561871 0.634914605642 0.269950033304 0.00967222099734 0.00489927730144 0.00885870563584 0.0025815018286 0.000704702476322 0.0 9.77472612761e-05
235 2350 0.00904329357816 0 3.54686799214 0.229189180839 0.637826314416 0.259051719651 0.012898370988 0.00571626111619 0.00486532489444 0.000343206084399 0.00124022634586 0.000150338986399 0.0
236 2360 0.00945973316416 0 3.40975202105 0.216877456084 0.642728470836 0.241463898818 0.0132660837088 0.00366405320778 0.00226606655621 0.0 0.00182293169508 0.0 0.0
237 2370 0.00941302479732 0 3.56635277513 0.223913340955 0.640917959597 0.253560842414 0.0 0.00681269372551 0.00051932350372 0.0 0.00040803803834 0.0 0.0
238 2380 0.0100692903424 0 3.28255404082 0.225415166154 0.643723110272 0.235679515176 0.0128638758122 0.00114581279428 0.00661055400419 0.000195193833548 0.0 0.0 0.0
239 2390 0.0114899323447 0 3.20734970641 0.209959794077 0.64534651843 0.207957751829 0.0 0.0 0.00510062704062 0.00083476221725 0.0 0.0 0.000269604496439
240 2400 0.0130309389019 0 3.08646870327 0.224912738549 0.640729815226 0.213728485923 0.0300006621291 0.00972749248317 0.00237220114103 0.000125897695602 0.0 0.0 0.0
241 2410 0.0136587744491 0 2.7897031564 0.206593456191 0.670446678856 0.166295689137 0.00362057267026 0.0105396847079 0.00235702571155 0.0 0.0 0.0 0.0
242 2420 0.0155861975425 0 2.59292877891 0.191791831982 0.685484493015 0.120295573006 0.00456072929562 0.0110121235958 0.0 0.000705498679685 0.0 0.0 0.0
243 2430 0.01611871275 0 2.80306359516 0.189000863777 0.673543949022 0.117917939249 0.00957658805253 0.0 0.00586145078432 0.0 0.0 0.0 0.0
244 2440 0.016501802749 0 2.95840055778 0.200360002987 0.661110024433 0.142071046989 0.018167764786 0.0109726180652 0.0 0.0 0.0014243758988 0.0 0.0
245 2450 0.0154269401855 0 2.65414462212 0.203438940313 0.682949366284 0.122960248391 0.0 0.0145518226438 0.00332412716091 0.0 0.0 0.0 0.0
246 2460 0.0140469104193 0 3.07293829264 0.160247954296 0.698509950874 0.0506101759372 0.0156378935476 0.0163172393819 0.0 0.0 0.0 0.0 0.0
247 2470 0.0123370014234 0 2.58383302956 0.210391559298 0.665574686956 0.148092135138 0.00757643567681 0.00331070912303 0.000179790095979 0.0 0.0 0.0 0.0
248 2480 0.011325219602 0 2.84078323793 0.198069205886 0.668031396271 0.139759327123 0.0 0.00564300067365 0.00112030623865 0.0011018592544 0.0 0.0 0.0
249 2490 0.0108474325198 0 2.61573526686 0.196200796057 0.66940228087 0.148348759376 0.000705147803476 0.00706429063184 0.0 0.0 0.0 0.0 0.0
250 2500 0.0108480342103 0 2.61533369677 0.184575796747 0.67789289783 0.106799877355 0.00451555407319 0.00977636330019 0.0 0.0 0.0 0.0 0.0
251 2510 0.00997866063935 0 2.67287136462 0.190085453194 0.684839832438 0.102330282982 0.0 0.00840917874696 0.000464340204947 0.0 0.0 0.0 0.0
252 2520 0.0106372342726 0 2.47946941902 0.187863255665 0.667666150534 0.118198553544 0.000852967879574 0.0043470188271 0.00190051507956 0.0 0.0 0.0 0.0
253 2530 0.0103119215153 0 2.59333217259 0.187817952111 0.662870518949 0.129019806634 0.0 0.0104520275533 0.00371445905057 0.0 0.0 0.0 0.0
254 2540 0.00925722113318 0 2.57376595804 0.190636726153 0.658415548759 0.142936138331 0.0165828315046 0.0110568541928 0.000621566241484 0.0 0.0 0.0 0.0
255 2550 0.00798686195326 0 2.5904434788 0.20385809744 0.645059192387 0.156771143819 0.0227086404014 0.00634762801339 0.0 0.0 0.000207209216509 0.0 0.0
256 2560 0.0072750711782 0 2.49841758728 0.17946978874 0.668279948794 0.113838380943 0.00391582901568 0.0109755881509 0.00446570159899 0.00116936242477 0.0 0.0 0.0
257 2570 0.00716005571402 0 2.44333618733 0.176302684401 0.67121972611 0.114786744836 0.00353028013622 0.00148296721928 0.0 0.000310382212519 0.000128466921206 0.0 0.0
258 2580 0.00770136871228 0 2.40421138935 0.172807937277 0.673670941446 0.0923296214215 0.00429265086717 0.00668382663495 0.00125128135591 0.0 0.0 0.0 0.0
259 2590 0.00816193200627 0 2.28989555303 0.158011549056 0.672131985092 0.0803770303242 0.00493484281478 0.00346305460442 0.0 0.000806170968276 0.00055486323316 1.66232761131e-05 0.0
260 2600 0.0080793911405 0 2.33480399102 0.159243983273 0.678452124425 0.0776025785246 0.0 0.00392285007838 0.0 0.000386341151615 0.0 0.000257741006855 0.0
261 2610 0.00813189767967 0 2.41745235219 0.153456656742 0.674591015461 0.0593556633084 0.00797417361094 0.00645064187122 0.0 0.000608770736369 0.00076185977885 0.0 0.0
262 2620 0.00829997372652 0 2.23824796085 0.158159472793 0.666988367283 0.0706270504564 0.0157259211906 0.00589248004061 0.0 0.0 0.0 0.0 0.0
263 2630 0.00839818689045 0 2.24000917088 0.160904213408 0.668836551116 0.0732545187734 0.00661771643806 0.00341965734362 0.000947787905661 0.0 0.0 0.0 0.0
264 2640 0.00812450842712 0 2.20649804033 0.145106467651 0.677209383897 0.0371435792839 0.0 0.00145302785545 0.0 0.00011480170722 0.0 0.0 0.0
265 2650 0.00794724077505 0 2.22030479772 0.154350792127 0.672614770439 0.0607432237213 0.0115865968746 0.0 0.0 0.0 0.000280751302745 0.0 0.0
266 2660 0.00752896275959 0 2.21761367552 0.156380019936 0.661948478012 0.0667098109625 0.00405765906152 0.0 0.000693796150422 0.00114848375371 0.0 0.0001655158067 0.0
267 2670 0.00735004780068 0 2.18243913986 0.1523899154 0.664621927017 0.0574809733161 0.0178754268506 0.0 0.00096915059732 0.0 0.0 0.000132153440577 0.0
268 2680 0.00676238534725 0 2.19460572601 0.145774858877 0.668700721488 0.0418794614675 0.0124092608062 0.0 0.0 0.0 0.0 0.000403330640696 0.0
269 2690 0.00662538684831 0 2.17337133953 0.147389008275 0.66652446414 0.0396486646365 0.0103571133315 0.0 0.0 0.0 0.0 0.0 0.0
270 2700 0.00681992654957 0 2.12987100403 0.151478100175 0.665587580366 0.0416290372916 0.00971259418707 0.0 0.0 0.0 0.0 0.000134553827525 0.0
271 2710 0.00715120133196 0 2.10706861538 0.146234431657 0.665178597442 0.0313378239831 0.0100212588048 0.000357017129261 0.000568072194273 0.0 0.0 0.0 0.0
272 2720 0.007840358641 0 2.05259114786 0.14206603725 0.654113817395 0.0390208843893 0.011325507065 0.0 0.000547694768242 0.0 2.51577008142e-05 2.44793414554e-05 0.0
273 2730 0.00787555386305 0 2.11181820939 0.147623764451 0.653247440394 0.0425045340604 0.0 0.0 0.00168843737759 0.0 0.000597502403999 0.0 0.0
274 2740 0.00828843202863 0 2.0855454812 0.140325220372 0.650624901249 0.0308457314866 0.00143471171487 0.0 0.00172635310406 0.0 0.000151817352738 0.0 0.0
275 2750 0.00858490419637 0 2.05957935492 0.147710379859 0.650863245168 0.0431418904719 0.0126067209551 0.00132294347541 0.000170000787372 0.0 0.000561056270975 0.0 0.0
276 2760 0.00859825864859 0 2.0427038982 0.142346610738 0.638299641862 0.0433479165114 0.00846271372745 0.0 0.0 0.0 0.0 0.000323699492855 0.0
277 2770 0.00912516293326 0 2.02123023181 0.147532315048 0.645199991426 0.0382191788973 0.0091034706704 0.0 0.0 0.00102991946442 0.000349557896285 0.0 7.00630569803e-05
278 2780 0.00907228545235 0 2.00572093318 0.142098039835 0.648190039352 0.0126354851463 0.016540833893 0.00306267642398 0.0 0.0 6.73618327428e-05 0.0 0.0
279 2790 0.00877549306594 0 2.05688716859 0.149557693764 0.631902967386 0.0440926380272 0.0156904670627 0.00223244390675 0.0 0.0 0.0 0.0 0.0
280 2800 0.00841804803178 0 1.98145235544 0.148687848908 0.635754378579 0.0511211504744 0.0139799814769 0.00317596712441 0.00113201378024 0.0 0.0 0.0 0.0
281 2810 0.00803955886273 0 1.98379065482 0.158829491812 0.630089454011 0.0520307721252 0.0104814674976 0.0 0.0024084529959 0.0 0.0 0.0 0.0
282 2820 0.0082383269356 0 1.93580977525 0.158772295684 0.627778309819 0.0452641389284 0.0134280191662 0.00127608695512 0.000778907468484 0.000409899852076 0.0 0.0 0.0
283 2830 0.00802018326593 0 1.94513150849 0.14675557251 0.632397777156 0.021801773341 0.0139754269736 0.00174933228367 0.0 0.0 0.0 0.0 0.0
284 2840 0.00827026360155 0 1.91246978702 0.132516775555 0.632194788065 0.0 0.0 0.0 0.000105136620962 0.000157454099527 0.0 0.0 0.0
285 2850 0.00871748508733 0 1.84062666207 0.141133556092 0.615878595378 0.0270899078373 0.0201616204544 0.00271057650595 0.000342916544153 0.0 0.0 7.03109133704e-07 0.0
286 2860 0.00875188466105 0 1.84215482718 0.13325092173 0.613848396898 0.00394477323393 0.0211211147424 0.0 0.0 0.0 0.00018314959751 0.0 0.0
287 2870 0.00914570876128 0 1.80904995721 0.139137900909 0.599093195652 0.0246327834871 0.0211537576743 0.0 0.000219715804841 0.0 0.0 0.0 0.0
288 2880 0.00919454917907 0 1.79502666686 0.135801539422 0.612666895004 0.0111129472115 0.0033645011686 0.0 0.0 0.0 0.0 0.0 0.0
289 2890 0.00955968537699 0 1.7586209224 0.12349644808 0.590831723357 0.00151628025291 0.0278186990437 0.0 0.0 0.0 0.000494092842994 0.0 0.000185215859478
290 2900 0.0100371707242 0 1.70732657567 0.122564136216 0.592386881837 0.0 0.0184259252405 0.0 0.0 0.0 0.0 0.0 5.35073253833e-05
291 2910 0.0114810551903 0 1.63245470796 0.148101320452 0.565267740565 0.0593244441826 0.0222754679379 0.00205611456311 0.0 0.0 0.0 0.0 0.0
292 2920 0.013245023663 0 1.60202820871 0.135667448799 0.545025295735 0.0448864372498 0.0334842801309 0.0 0.0 0.0 0.0 0.0 0.0
293 2930 0.0138479791722 0 1.65016707364 0.11786385896 0.549932781177 0.0 0.031295362652 0.0 0.0 0.0 0.0 0.0 0.000262043142625
294 2940 0.0150342640152 0 1.5283418972 0.14404372125 0.535509806586 0.0515015948867 0.0236757734707 0.00794173038411 0.0 0.0 0.000502264404544 0.000190259297671 0.0
295 2950 0.0156208741892 0 1.61979074225 0.150597139671 0.547070341772 0.0392916686801 0.00894260160069 0.00511828476366 0.00609195709003 0.0 0.0 0.0 0.0
296 2960 0.0171396709875 0 1.34413731894 0.138993511212 0.514517215439 0.0285889101076 0.00833006819746 0.00179283860354 0.00563652497261 0.000253725527806 0.000141475043297 0.0 0.0
297 2970 0.0194130209756 0 1.3117185302 0.121992604589 0.506560123687 0.0154102548659 0.0238544717246 0.0 0.000142997046132 0.0 0.000366097952909 0.0 0.0
298 2980 0.0197504865223 0 1.34307042595 0.157870851608 0.472535179555 0.048709059311 0.0 0.010291501409 0.00332876367457 0.0 0.0 0.0 0.0
299 2990 0.0210554112802 0 1.3840783815 0.165462125739 0.451822540864 0.0704608047339 0.0158610005443 0.000670978570493 0.00510383575046 0.0 0.00109545996813 0.000179029354596 0.0
300 3000 0.0214180535925 0 1.00440651836 0.124049125481 0.45794315679 0.00582084373811 0.00438099556851 0.00271802728531 0.00197186985042 0.000341525425652 0.0 0.0 0.0
301 3010 0.0199154093339 0 1.23889376873 0.135808896072 0.460912814707 0.0 0.0 0.00689550991611 0.00687044728068 0.0 0.0 0.0 0.0
302 3020 0.0199759891827 0 1.00378010567 0.150464885103 0.422607241287 0.0397546128896 0.0277968234989 0.00677932613479 0.00300997600909 0.0 0.0 0.0 0.0
303 3030 0.0199702534755 0 0.966082211084 0.158869766831 0.391012731922 0.0737946449339 0.0158100247292 0.00204060636568 0.00445830167863 0.0 0.0 0.0 0.0
304 3040 0.0195731466867 0 1.11802909585 0.171740782793 0.380678641849 0.0634858286847 0.0274599467964 0.004428351368 0.0 0.000566004945316 0.0 0.0 0.0
305 3050 0.019021755261 0 0.947810006953 0.155714380271 0.385349323085 0.0890665085272 0.0230102962571 0.0 0.0 0.00102270156804 0.0 0.0 0.0
306 3060 0.0172463697343 0 0.903807109958 0.129726826451 0.424789521062 0.0 0.0205278889064 0.0 0.0018384616489 0.0 0.0 0.0 0.0
307 3070 0.0163366311379 0 0.868063172679 0.14557531625 0.384107528008 0.0253724221682 0.0300451456848 0.0 0.000466762384687 0.000973216190299 0.0 0.0 0.0
308 3080 0.0169739061368 0 0.897993368579 0.14280877954 0.398667550382 0.0224014891752 0.0120853396271 0.0 0.000108512072441 0.000903135310893 0.0 0.0 0.0
309 3090 0.0174766041776 0 1.07580311994 0.183718480318 0.323243914917 0.0794529809527 0.0389202730821 0.0 0.000545473895982 0.000520338142752 0.0 0.0 0.0
310 3100 0.0173458462403 0 0.930307217601 0.161023878207 0.343895135256 0.0191099362677 0.0312905392052 0.00435530141688 0.0014227341436 0.0010577409553 0.0 0.0 0.0
311 3110 0.0175204198512 0 1.02730264794 0.143341201308 0.374668387074 0.019881787512 0.0314588913558 0.0 0.0 0.0 0.0 1.55812275447e-05 0.0
312 3120 0.0158828479201 0 0.822865186844 0.157234388287 0.350818508164 0.0563681608248 0.0336341790155 0.00728052203647 0.00309984217985 0.0 0.0 0.0 0.0
313 3130 0.0145855038929 0 0.847612022175 0.143821216401 0.329813337943 0.0260915281942 0.0352418048484 0.00554326421238 0.00430667097828 0.00217796682546 0.0 0.0 1.3035616615e-05
314 3140 0.0156655434217 0 0.717796238625 0.142192685642 0.329331812059 0.0391256745458 0.0253146119115 0.00680964201919 0.00486994240184 0.0 0.0 0.0 0.0
315 3150 0.016185116971 0 0.813228325941 0.118644994092 0.350613567221 0.0 0.0209924107602 0.00451051796496 0.00307018162447 0.000666692416476 0.0 0.0 0.0
316 3160 0.0169799147797 0 0.723914450344 0.110123923129 0.332752878921 0.0 0.021809268492 0.0 0.00463076085448 0.0 0.0 0.0 0.0
317 3170 0.0162486332524 0 0.668391377894 0.131834700647 0.341118987534 0.043111879375 0.0254629381535 0.0 0.000308697829605 0.000762966839324 0.0 0.0 0.0
318 3180 0.0156848258061 0 0.656139305482 0.114299140217 0.32899091953 0.0323897441466 0.0165922881208 0.00618061552755 0.00169108906487 0.0 0.0 0.0 0.0
319 3190 0.0163660722083 0 0.510784173238 0.124880443326 0.304910771938 0.0171507508189 0.00829233043122 0.00352170422163 0.00229106255232 0.000765919342879 0.0 0.0 0.0
320 3200 0.0177491580491 0 0.47136857202 0.116439905702 0.264748321761 0.0 0.0148503030229 0.0144766206117 0.00115093431708 0.0 0.0 0.0 0.0
321 3210 0.0199391150717 0 0.479439629558 0.1268921543 0.226441000728 0.0255207561057 0.0165148976607 0.0120235631098 0.00554723477422 0.000737103364689 0.0 0.0 0.0
322 3220 0.0210433526114 0 0.610790676422 0.0666417447597 0.276086711789 0.0 0.00131059923578 0.00202791998744 0.00416005069476 0.000385148505865 0.0 0.0 0.0
323 3230 0.0196568068361 0 0.552629737793 0.120328887507 0.151562521148 0.0 0.0274526636717 0.0137512197134 0.00863959924492 0.0 0.0 0.0 0.0
324 3240 0.0190268200982 0 0.631413229331 0.139736098176 0.190866100188 0.0283121680719 0.0135284538802 0.0127129036535 0.0084945105794 0.00236746748414 0.0 0.0 0.0
325 3250 0.0169260387193 0 0.391104107609 0.101584781248 0.172610624965 0.0 0.023689901074 0.0096215407026 0.00599846046933 0.0 0.0 0.0 0.0
326 3260 0.0157303342187 0 0.561193373997 0.116271900662 0.258561404503 0.0 0.0245257821632 0.00953038793549 0.00563357378576 0.0 0.0 0.0 0.0
327 3270 0.014891009463 0 0.54957567681 0.115797245396 0.225051251828 0.0111609037303 0.0269251474875 0.0108744352561 0.00539631821593 0.00218183805048 0.0 0.0 0.0
328 3280 0.0143728142683 0 0.463250833077 0.119089759859 0.228627849566 0.0191193570651 0.0256664675056 0.0123023180051 0.00483638407256 0.0010979296799 0.0 0.0 0.0
329 3290 0.0148378941466 0 0.420845696874 0.119578399792 0.223244103021 0.0 0.0163579806043 0.0120764573598 0.00398716168379 0.000948392468793 0.0 0.0 0.0
330 3300 0.0152604152254 0 0.398220067286 0.110786926328 0.156490230731 0.00911627227722 0.0140107287471 0.00991898691533 0.00691683304228 0.002457052357 0.0 0.00044018736565 0.0
331 3310 0.0157817438588 0 0.310765468001 0.117079256848 0.131971690855 0.0224823507934 0.008539522356 0.0111651665433 0.00569926131454 0.00250708235886 0.0 0.0 0.0
332 3320 0.0159335080842 0 0.284427699209 0.126552260826 0.139418178476 0.0268239092485 0.0 0.00717948659552 0.0053207416665 0.00233606234538 0.0 0.0 0.0
333 3330 0.016367155151 0 0.22867904914 0.113668520851 0.0789764337544 0.0146946978165 0.0300550362204 0.00865184438739 0.00324795506319 0.00184927654014 0.0 2.68047372741e-05 0.0
334 3340 0.015921133964 0 0.310441361611 0.106904804993 0.139336286762 0.0161965752049 0.0181333517463 0.00486324035004 0.00156337371639 0.00239129618668 0.0 0.0 0.0
335 3350 0.0157530277967 0 0.287923442878 0.108524004918 0.115335453981 0.0 0.0256712039404 0.00770145273014 0.00316635782509 0.0023460888657 0.0 0.0 0.0
336 3360 0.014710459059 0 0.320682509555 0.121721001294 0.186161898918 0.0210007775965 0.0210324733875 0.00815170879794 0.00216963986808 0.000939250097624 0.0 0.0 0.0
337 3370 0.0148362558284 0 0.222659633547 0.11467974431 0.149661556636 0.00263071288819 0.024013977945 0.00792314859219 0.00147243992307 0.000999149077837 0.0 0.000135143782598 0.0
338 3380 0.0154115523324 0 0.252099681835 0.128779988652 0.144258593319 0.025464132884 0.0117222610986 0.00758189572668 0.000417297242749 0.00219766202395 0.0 0.0 0.0
339 3390 0.0167601473874 0 0.21000060994 0.12960457813 0.165681089348 0.0111602423387 0.0146861007051 0.00284520194008 0.0 0.00160915403219 0.0 0.0 0.0
340 3400 0.0169477338004 0 0.167722993978 0.131906136366 0.140564358922 0.00870373821215 0.00878316456711 0.00195310350635 0.0 0.00191189168588 0.0 0.0 0.0
341 3410 0.0164292688125 0 0.149900941812 0.118121593893 0.0704167235608 0.0120889732285 0.0 0.00106163598028 0.0 0.00291253131586 0.0 0.0 0.0
342 3420 0.0160969934815 0 0.161349334754 0.112968815903 0.138471759805 0.00649797396612 0.0139846905482 0.00918028477807 3.42074391909e-05 0.0 0.0 0.0 0.0
343 3430 0.0151622735061 0 0.195872725275 0.130784693804 0.147688394201 0.0117494745668 0.00277854085352 0.00218782574934 0.0 0.000705027423798 0.0 0.0 0.0
344 3440 0.0146816569716 0 0.0969034801242 0.119598709366 0.103649424817 0.0178447834801 0.0 0.00723582795779 0.0 0.000396425540398 0.0 0.0 0.0
345 3450 0.0148200355017 0 0.0707910217723 0.119831750524 0.0841824208274 0.0175625536544 0.0058518598756 0.00458618311476 0.00125343083597 0.000179104948687 0.0 0.0 0.0
346 3460 0.0153482282075 0 0.0856454081673 0.114397966415 0.0531836030041 5.13210077279e-05 0.0159551690433 0.00554332045544 0.00108335975196 0.00109231396819 0.0 0.0 0.0
347 3470 0.0157474053511 0 0.0770419450358 0.140398410967 0.0382815256498 0.0346286933616 0.0 0.00472365463192 0.00108968910634 0.000430817934653 0.0 0.0 0.0
348 3480 0.0155927376744 0 0.0538319937679 0.0983444445126 0.0772298432233 0.00286854727587 0.0 0.0 0.000257821921321 3.8790546474e-05 0.0 0.0 0.0
349 3490 0.0151748748206 0 0.0654318471881 0.0850331083137 0.0490261287021 0.0 0.00425833436882 0.0 0.000871689233075 0.0 0.0 0.0 0.0
350 3500 0.0148668185942 0 0.034210771161 0.111937856917 0.0616909277845 0.0011877205738 0.00494517123687 0.0 0.00084546153246 0.0 0.0 0.0 0.0
351 3510 0.0145939664236 0 0.0676186802768 0.0909043847793 0.0501187973873 0.0 0.00137768810829 0.0 0.000208148340116 0.0 0.0 0.0 0.0
352 3520 0.0137965640517 0 0.0707833963154 0.117628051766 0.027212297712 0.0151995568516 0.00606992959974 0.0 0.0 0.0 0.0 0.0 0.0
353 3530 0.0128242392296 0 0.0461238346352 0.108752500796 0.0 0.0123044418213 0.0107283934835 0.0 0.00104170867388 0.0 0.000180823731635 0.0 0.0
354 3540 0.0119080609762 0 0.0464808320444 0.117766093435 0.0148161961568 0.00497257435148 0.0067388646085 0.0 0.00177635632873 4.18584403489e-05 0.0 0.0 0.0
355 3550 0.0110012877977 0 0.0373940491821 0.115976098626 0.0208422808292 0.0132387970508 0.0 0.00282646985644 0.00240945677814 0.0 0.0 0.0 0.0
356 3560 0.010445187655 0 0.0498703120484 0.128391074161 0.0446035534341 0.00122273809875 0.00457197830453 0.000611148002486 0.00141624139453 0.0 0.0 0.0 0.0
357 3570 0.00948160440513 0 0.032517115877 0.115760365174 0.0421917630625 0.00187345967644 0.00739954882531 0.00308356438007 0.000642588589029 0.0 0.0 0.0 0.0
358 3580 0.0089463831259 0 0.0287775714301 0.109246412655 0.0327131185574 0.00368179149932 0.00978498675249 0.00168943244399 0.0 0.0 0.0 0.0 0.0
359 3590 0.00843224892305 0 0.0297829848696 0.116761836115 0.0321038778291 0.0 0.00633044274175 0.000131691315561 0.000795756046205 0.0 0.00014052279363 0.0 0.0
360 3600 0.00791298680397 0 0.0254046819924 0.112651851687 0.0135764687384 0.00714868465513 0.00620651009817 0.00284316574812 0.00107497027085 0.000104038698663 0.0 0.0 0.0
361 3610 0.00743494956107 0 0.0310834564425 0.114181320051 0.0 0.000561115758662 0.00580228778301 0.00255838245962 0.00103495987249 0.000228211538232 0.0 0.0 0.0
362 3620 0.00697854499475 0 0.0215579922575 0.121157740606 0.0137843510257 0.0111879967587 0.0 0.00142503159127 0.000282654740269 0.0 0.0 0.0 0.0
363 3630 0.0065856155861 0 0.0326157764288 0.117541591173 0.0 0.00373306800966 0.0 0.00120504190916 0.000475344465322 0.000306159026357 0.0 0.0 0.0
364 3640 0.00651237541803 0 0.0271320465414 0.117203988833 0.0 0.00952852223989 0.00315582567583 0.00175113476872 0.00158861329356 0.000382921887332 0.0 0.0 0.0
365 3650 0.0062583348572 0 0.0252681036462 0.115557857287 0.0343653446479 0.00407739536233 0.00317371351782 0.00232829225621 0.00108820760725 0.0 0.0 0.0 0.0
366 3660 0.00597626058835 0 0.0268358869866 0.107341574579 0.0 0.0 4.71655025077e-05 0.0032890359495 0.00204469470739 0.0 0.0 0.0 0.0
367 3670 0.00601318204395 0 0.0192510082193 0.114911620791 0.0156153208261 0.00514320721262 0.0 0.00233543773061 0.000815996849947 7.36757543551e-05 0.0 0.0 0.0
