% # columns="iteration, evaluation, void, void, void, xmean", seed=126486, Wed May 08 17:23:41 2013 # scaling_of_variables: 1, typical_x: 0
1 10 0 0.0 nan 0.111577652843 0.169546360326 0.0610176919509 0.280252779527 0.0281702037608 0.209570344603 0.49319172842 0.139109185243 0.271441518568 0.0144173670763
2 20 0 0.0 nan 0.0972735883733 -0.101455698215 0.128796889091 0.339703983739 -0.320464508173 0.457618471836 0.459909048453 0.474188237971 0.271330825668 -0.383171535081
3 30 0 0.0 nan 0.25588546234 0.203134646685 0.232680047105 0.140101558599 -0.270166997022 0.697151754963 0.371800621973 0.523971495542 0.517060896863 -0.204442014129
4 40 0 0.0 nan 0.44966669307 0.529376320214 -0.0172028826953 0.240514037538 -0.051654015755 1.07769444147 0.559149680829 0.393343111437 0.284868007449 -0.177186424979
5 50 0 0.0 nan 0.267446835988 0.456499965161 0.0858598626152 0.620254343632 0.0206924235843 0.980624228356 0.315108255059 0.58835840196 0.0294189510755 -0.0243831420674
6 60 0 0.0 nan 0.154075953243 0.326405351153 0.206756726867 0.904509444821 0.360409476819 0.651612597092 0.258832845756 0.418955347486 -0.00775384402642 -0.105038958337
7 70 0 0.0 nan 0.226040483017 0.36027663854 0.115453320359 1.17669560821 0.402875006288 0.300236002779 0.400075914025 0.334427061673 0.0154777136863 0.0333060513183
8 80 0 0.0 nan 0.0887414236287 0.682086151405 -0.0122153163504 0.711385218809 0.384831398499 0.355626294825 0.436109898938 0.196875169804 0.0312707742543 -0.0540234928581
9 90 0 0.0 nan 0.207382385135 0.77409444967 -0.0519133785606 0.533384021655 0.0584515446937 0.80088083304 0.472369143178 0.366614563119 0.123128006258 -0.0899399373132
10 100 0 0.0 nan 0.207916800279 0.656963807757 0.161204447194 0.823772434839 0.1975395092 0.690040973653 0.391965101334 0.224749885957 0.0957659851409 -0.081487536768
11 110 0 0.0 nan 0.318456779017 0.618831338061 0.070070779617 0.59188379146 0.195332372111 0.546409759852 0.496089819015 0.172339755966 0.00288260153516 -0.0525255364356
12 120 0 0.0 nan 0.114044717679 0.682656930159 0.201722867881 0.745716695296 0.147242327436 0.529657345094 0.379938894966 0.112280291811 0.00701379352982 -0.0676690881008
13 130 0 0.0 nan 0.11975232757 0.624157775298 0.209013109767 0.642558087763 0.0983594479036 0.523193151202 0.532992383429 0.0583854317902 0.0608209879079 -0.0213201037123
14 140 0 0.0 nan 0.146394146328 0.807858658918 0.364779291882 0.587118993392 0.143583718261 0.421266372179 0.328221092146 -0.0485479968226 0.0647203520674 -0.0368646652733
15 150 0 0.0 nan 0.139118002148 0.829083548056 0.511444314259 0.517129388859 0.262900050784 0.53729374903 0.383899766495 -0.0491960047284 0.0763303391769 -0.0356471287127
16 160 0 0.0 nan 0.12742608438 0.953274511751 0.454993088153 0.665412861818 0.267239916511 0.56415478601 0.395738770205 0.0531699403656 0.0471972570109 -0.0856996922296
17 170 0 0.0 nan 0.207480183446 0.83486452848 0.277121548631 0.614687827923 0.326619731671 0.555993048786 0.297429824748 0.0240009768608 0.00799582387537 -0.0175147966833
18 180 0 0.0 nan 0.197186020094 0.871386970702 0.271506455794 0.646461368724 0.272401673557 0.450450299211 0.273394494382 0.00424781711154 0.0313634780543 -0.0125927724066
19 190 0 0.0 nan 0.304205707574 0.914292270695 0.288572384564 0.728573441573 0.196304172177 0.433275180277 0.382757255619 -0.0059827541978 -0.0237344058856 -0.0644117267232
20 200 0 0.0 nan 0.406000402596 0.810465645001 0.215504126655 0.791303063369 0.274566791845 0.481463019926 0.425107596907 0.0184248218406 0.0324448290306 -0.0238128225829
21 210 0 0.0 nan 0.363188435692 0.830844146748 0.19725439175 0.675385170506 0.242735372474 0.536846796181 0.382240425264 0.00877118056798 0.0941915103505 -0.0439316002491
22 220 0 0.0 nan 0.413046771653 0.815860931832 0.158242293976 0.583885911392 0.266866357455 0.631609022393 0.424722549097 0.0410464874154 0.0482031608147 -0.00341192162888
23 230 0 0.0 nan 0.370233644067 0.877751717046 0.136160169828 0.652313625113 0.271612744554 0.647407425041 0.419600221091 -0.00717301264435 0.0543534441725 -0.0672614034306
24 240 0 0.0 nan 0.307894613131 0.801873894113 0.160027444274 0.631838871449 0.235009897339 0.658325129353 0.342078789816 0.0303510170423 0.0523179700583 -0.0390929919147
25 250 0 0.0 nan 0.327748850232 0.774258763952 0.121689481759 0.652912353966 0.211978647196 0.545524998734 0.313385583314 -0.0132212996647 0.0320877035826 -0.0478542421991
26 260 0 0.0 nan 0.35540258583 0.699279171644 0.127254441238 0.669542634316 0.160637432155 0.527283407252 0.299465868895 -0.00300235072919 0.0449102054891 -0.0420507394978
27 270 0 0.0 nan 0.439818913033 0.717740740306 0.128501864753 0.699404207805 0.181557497057 0.612395481637 0.308673340008 0.00720438850236 0.0235415249817 0.00220275084142
28 280 0 0.0 nan 0.418710864919 0.783573871088 0.0475477339344 0.731170668223 0.14375832194 0.583581924619 0.250323291764 0.0262813597932 -0.0119279084924 -0.00592807499348
29 290 0 0.0 nan 0.413536345468 0.74974017077 0.102712682039 0.674055713051 0.115170743951 0.655780350792 0.187344254563 0.0104063766084 -0.00513271236497 -0.0318699785881
30 300 0 0.0 nan 0.412693221577 0.683338778878 0.127507462565 0.641298693932 0.129834425581 0.641099152764 0.156422256142 0.0476943851304 -0.010569117754 -0.0324624985844
31 310 0 0.0 nan 0.41891354881 0.634684899514 0.196747313678 0.617432426346 0.114139734808 0.619404735281 0.141089369737 0.0474023569054 0.00963352108752 -0.00602278653105
32 320 0 0.0 nan 0.421326183409 0.576407856724 0.186946895744 0.544556200606 0.0879148017976 0.58641371647 0.131529163744 0.0426282542821 0.00539609963471 0.00226621980441
33 330 0 0.0 nan 0.509373884003 0.61294489586 0.173891671406 0.582068522582 0.136759080353 0.561258992938 0.129157451973 0.0188822716342 -0.0190930977378 -0.0061729549173
34 340 0 0.0 nan 0.573986529332 0.6286482022 0.21543862759 0.536537158832 0.134891640531 0.52234708432 0.156873708629 0.0355537291281 -0.0239467543296 -0.0130833515107
35 350 0 0.0 nan 0.584301183445 0.601129386696 0.268922685775 0.557638940212 0.131317603654 0.540063419192 0.133538912007 0.039874102676 -0.00940299691732 -0.0320810218062
36 360 0 0.0 nan 0.492385498036 0.596947322477 0.303628069451 0.549038616563 0.174489582068 0.601069171354 0.0949121449772 0.0449437159872 -0.01273267136 -0.00998672957972
37 370 0 0.0 nan 0.474637313205 0.583644782586 0.337936296872 0.545577307904 0.165195264019 0.61161135911 0.0551596738143 0.0256711224985 -0.0159898010011 -0.00684481735517
38 380 0 0.0 nan 0.484721057194 0.578639241689 0.318072384571 0.619975295826 0.0990824300243 0.544763588155 0.0705768342244 0.092665743959 -0.016643613884 -0.0120289062801
39 390 0 0.0 nan 0.529392318913 0.562409158738 0.316001031372 0.692704292147 0.11854247571 0.502318113998 0.00717068659713 0.0935358025238 -0.0105032924236 -0.0152558867597
40 400 0 0.0 nan 0.504870618537 0.522402780072 0.336888267792 0.654773685814 0.102006784317 0.505965847429 -0.00445831897011 0.054600712077 -0.00531956920943 -0.000460112091436
41 410 0 0.0 nan 0.523600593666 0.503849322719 0.34588101929 0.649943478839 0.131553116041 0.501428266077 -9.68823657638e-05 0.0609250027259 0.0121422673609 -0.000665940925768
42 420 0 0.0 nan 0.498791092614 0.565384245792 0.38240757728 0.674335455126 0.0792875780913 0.515955216774 -0.00435389937326 0.0316677540916 0.0194051822654 -0.00358452768151
43 430 0 0.0 nan 0.496713548226 0.587394952746 0.377345645862 0.638345648314 0.0851577052554 0.507934018354 0.0348908166774 0.0549935336215 -0.00655772811307 -0.0235461471281
44 440 0 0.0 nan 0.509873980106 0.568382227866 0.355780098529 0.623814371709 0.0782429253157 0.460860533761 0.0378701753952 0.0299021446915 0.00442746942755 -0.00721144809292
45 450 0 0.0 nan 0.533476086074 0.570017943936 0.361276761903 0.596952795946 0.10679078102 0.441341691205 0.0486741344318 0.0331319923934 0.00817553783485 -0.00421988926247
46 460 0 0.0 nan 0.553706024067 0.578976502616 0.382674056443 0.572626924825 0.0737071681078 0.396022722815 0.0228435218295 0.00134482566082 -0.00604285476969 -0.00753257305647
47 470 0 0.0 nan 0.495856651659 0.545895437686 0.384851583659 0.606991672444 0.0705279900408 0.393056406322 -0.00484201866408 0.0246903618575 -0.0170671002185 -0.0136436268611
48 480 0 0.0 nan 0.514855031684 0.545418970154 0.391273241015 0.658058807228 0.0474382769621 0.376483346932 -0.0057170151615 0.0213587751097 -0.0232644410754 -0.0150935190342
49 490 0 0.0 nan 0.514419359635 0.544029180217 0.387537239966 0.648980693752 0.0236328834642 0.393686168454 0.0197523838573 0.0637927977153 -0.0142970995638 -0.0247688968933
50 500 0 0.0 nan 0.501333357289 0.546891994108 0.390671914598 0.622718129601 0.0435164769173 0.345875706604 0.0220219016176 0.0659054119622 -0.00167735460454 -0.00315384532624
51 510 0 0.0 nan 0.476752492797 0.543785100021 0.396766420205 0.638615735432 0.0534579834266 0.277695470151 0.00599216935264 0.0584918865249 -0.0181807363148 -0.00903542363085
52 520 0 0.0 nan 0.474576413872 0.583813231083 0.383098877498 0.637849856081 0.0550995156461 0.286636774272 -0.00640794194234 0.0419505525909 -0.0117893206355 -0.0108843624478
53 530 0 0.0 nan 0.464518140666 0.597870238091 0.376146927134 0.622439765652 0.0351258551705 0.258533505255 0.00983903945649 0.0237706682817 -0.00168654558235 -0.00757774501322
54 540 0 0.0 nan 0.474060407803 0.574581220426 0.358239542103 0.626398508979 0.0231347584404 0.240764830721 0.00743120397317 -0.000841908311411 0.0147214610797 -0.00980661138225
55 550 0 0.0 nan 0.488695392817 0.548326944671 0.367474639216 0.600157735331 0.0406978851419 0.189274249259 0.019540349667 -0.00146656826253 0.000282575391244 -0.0158744827183
56 560 0 0.0 nan 0.45299463793 0.581763070884 0.37501603573 0.610892255756 0.068719846463 0.17346772656 0.028308613849 0.00124375979092 -0.00280596792435 -0.000128376274635
57 570 0 0.0 nan 0.466236001688 0.607163421108 0.386229499841 0.599580955495 0.0743755286362 0.142123546813 0.0362288237111 0.00572413482319 -0.00121754647752 -0.000344378106449
58 580 0 0.0 nan 0.442664939124 0.609054740051 0.417505796899 0.568218676044 0.0750603678232 0.182643762559 0.0376187736891 0.00738868505438 0.00202711480551 -0.0050356351006
59 590 0 0.0 nan 0.463890373879 0.640676498145 0.461087341303 0.588388298349 0.068945363553 0.177032252574 0.034539761551 0.0156416660944 0.0100981063905 0.00184752160018
60 600 0 0.0 nan 0.462677304732 0.625194557923 0.456071421372 0.58390764165 0.0681590117457 0.190769345992 0.0354681750755 0.00247612845954 0.00410612257925 -0.000883342296484
61 610 0 0.0 nan 0.460016040673 0.614226783126 0.434044364397 0.612489445311 0.0475894398448 0.167884865467 0.0331137001814 0.00770641518877 0.00828244531577 -0.00461304070276
62 620 0 0.0 nan 0.491237169589 0.587193278122 0.459304344503 0.584735069962 0.0491204052786 0.123375675877 0.0100876564316 -0.000231602920917 -0.00419726058132 -0.00896468063728
63 630 0 0.0 nan 0.481972372408 0.575895383237 0.466174071222 0.587669078854 0.0710005009569 0.0926506705803 0.028695608106 0.00889427253339 -0.00469420953939 -0.0132675794983
64 640 0 0.0 nan 0.488496163815 0.552993472668 0.473713196793 0.571021714429 0.0783141452986 0.0707591427889 0.0221262405551 0.00714999429913 -0.0111642940309 -0.0054503174174
65 650 0 0.0 nan 0.461839914954 0.541012143776 0.466464256793 0.568109897694 0.0706998331855 0.0554115091452 0.0431824305367 0.0163840805331 -0.00678061945647 -0.00235030817018
66 660 0 0.0 nan 0.448231879861 0.51665005618 0.45716327084 0.547890869407 0.0613744198778 0.102374120375 0.0059154083526 0.0083316148513 -0.00632757850547 -0.000419151358534
67 670 0 0.0 nan 0.457636510292 0.512944542665 0.470105035368 0.546826820673 0.0717361123336 0.085824678526 0.032660369658 0.0128702229441 0.00118986622205 -0.00409232484044
68 680 0 0.0 nan 0.471057762229 0.529476602049 0.475793995299 0.543317087589 0.0811153260588 0.061994788916 0.028032605112 0.00932635290561 -0.00538203643586 -0.0064896427771
69 690 0 0.0 nan 0.441249513322 0.528134348119 0.474594129906 0.542859084735 0.0893584741087 0.0379366045496 0.00965163827306 0.0073941297672 -0.00364962902213 -0.00206272164459
70 700 0 0.0 nan 0.442264662572 0.53659470539 0.478300943431 0.543105345827 0.106206575164 0.0261550501317 0.0134660167054 0.0108701979726 -0.00305608664734 -0.00661426360865
71 710 0 0.0 nan 0.419250592038 0.552961897199 0.489706988891 0.579771461215 0.107386150816 0.019961375887 0.0108352633493 0.0139239404177 -0.00577938221073 -0.00321979925214
72 720 0 0.0 nan 0.431840997221 0.547554831326 0.489793804981 0.588191739988 0.104220136077 0.00666823346445 0.00581932997003 0.0166536616048 0.00247456174896 -0.00132456338457
73 730 0 0.0 nan 0.448790871321 0.532505446891 0.472212503704 0.604709414967 0.109724121274 0.0149614752062 0.00809001770938 0.0113298446265 0.012077594591 -0.00355280512278
74 740 0 0.0 nan 0.460887115843 0.544808329477 0.49432050125 0.592626579867 0.133197511991 0.0208998470202 0.0107010969723 0.00681309173138 -0.00204569469893 -0.00555338166738
75 750 0 0.0 nan 0.459670927802 0.550218701198 0.494086572576 0.5948500179 0.13686632479 0.0384238719043 0.0120116371705 0.0128611187218 -0.00294098324104 -0.0057289851987
76 760 0 0.0 nan 0.47371353437 0.548752628521 0.516905384904 0.585835492937 0.142046521933 0.0272540460715 0.0140676380002 0.0119014924432 -0.00492661727032 -0.00383329036401
77 770 0 0.0 nan 0.494125322759 0.534467012567 0.517443566574 0.603689445389 0.143782193989 0.0347173399695 0.0197315091937 0.00613761876495 0.000794041393412 -0.00291491808084
78 780 0 0.0 nan 0.507261029718 0.538452435526 0.522283742462 0.602307662321 0.128218201216 0.0477717542494 0.0224288621232 0.00885600777848 0.000163045628044 -0.00668068849752
79 790 0 0.0 nan 0.500422872995 0.524242020488 0.534526484591 0.60299819364 0.139230258918 0.0148333856497 0.0190414393388 0.0071407788382 0.00262106271703 -0.00288610165088
80 800 0 0.0 nan 0.493124723968 0.516156287996 0.529108596128 0.600795034905 0.122930009357 0.0462293530274 0.0247708433404 0.0181325322742 0.00452950415631 -0.00132977670529
81 810 0 0.0 nan 0.503044224567 0.513544000436 0.526054180399 0.605092656539 0.117894782338 0.0474285875149 0.0162109277158 0.014750049555 -0.00179557906601 0.00102426046602
82 820 0 0.0 nan 0.50539730491 0.515342689738 0.515451123991 0.594658833816 0.117184779105 0.0490976418076 0.0224653130263 0.00884386884057 0.00387508957443 -0.00328815445882
83 830 0 0.0 nan 0.478104344839 0.511124030577 0.517203283442 0.573595978975 0.102272157038 0.0353745943067 0.0154512907391 0.00645720546548 0.00143601416177 -0.0061591050468
84 840 0 0.0 nan 0.474719729704 0.522730607178 0.524537300171 0.575714451816 0.102722307327 0.0194756257726 0.0133634005056 0.00148601185414 -0.00140024149287 -0.0070675363791
85 850 0 0.0 nan 0.479345315661 0.524696905371 0.531707625979 0.574750885247 0.110086094258 0.012480789418 0.0210657243485 -0.00101761848629 -0.00114929527873 -0.00212612257036
86 860 0 0.0 nan 0.484766572407 0.530255260588 0.543191089049 0.56331637023 0.115781059616 0.0159290432553 0.0156221778664 0.00157305458063 -0.00195463047133 -0.00409797061582
87 870 0 0.0 nan 0.489315736499 0.527285065084 0.542376634347 0.562511794752 0.121837153862 0.0177951689813 0.0235457297036 -0.000249994681351 7.60763649566e-05 -0.00243148008826
88 880 0 0.0 nan 0.484580923887 0.526898733098 0.552200719263 0.572054911875 0.122370387869 0.0113201252093 0.0177063693792 0.00103833733609 0.00135556386228 0.000317134315529
89 890 0 0.0 nan 0.481425078084 0.529444915455 0.555989110652 0.560556646706 0.126586978527 0.00375033778961 0.0139047146229 0.000724140613434 -0.00102577516249 -0.00207160126804
90 900 0 0.0 nan 0.489233303528 0.533763276055 0.558299538743 0.559996456416 0.127881114752 0.00677821684917 0.0176215665415 0.00485623572814 -0.00208304666598 -0.00426814002693
91 910 0 0.0 nan 0.488033626954 0.529726778154 0.5654389095 0.551099928278 0.126579698636 0.0102320047421 0.0189193215692 0.00450411223323 -0.00110734447515 -0.00430582683702
92 920 0 0.0 nan 0.485622032239 0.527361101128 0.565061066358 0.54410916967 0.136509423426 0.0108906059373 0.0210993882261 0.00254844455521 -6.39965061469e-05 -0.00406389055671
93 930 0 0.0 nan 0.480076020185 0.515112696906 0.558178900152 0.544506870992 0.128082990849 0.0125080529288 0.0109156372379 0.00143067405391 0.00085551570874 -0.0023406242411
94 940 0 0.0 nan 0.48494116 0.513348269783 0.560377828243 0.548989571553 0.115852479665 0.0262094360717 0.0088372114933 0.00352516653403 4.74181296612e-05 0.000125922828698
95 950 0 0.0 nan 0.482660244909 0.516697983384 0.555844732384 0.546994773134 0.108949812937 0.0258386034367 0.0044940329456 -0.000937718052186 -0.000109177105071 -0.00173527976126
96 960 0 0.0 nan 0.484886458059 0.526723090317 0.567471918122 0.548466238363 0.114186805595 0.0174993770366 0.00466950187075 0.00203344908011 0.00103075468273 -0.000665153583528
97 970 0 0.0 nan 0.487744423439 0.52194679608 0.569742138399 0.553265431021 0.108049185706 0.0219410484607 0.00466036711187 0.00161418461732 0.000587956065401 -0.00124961084658
98 980 0 0.0 nan 0.495052401512 0.518543478521 0.577154042197 0.552993904448 0.106176323341 0.0120025359442 0.000754266657925 -0.000365257823631 0.002072971663 -0.000707214990094
99 990 0 0.0 nan 0.491229092915 0.51760230295 0.58527147094 0.545417456647 0.102481641837 0.0157726338592 0.000727867330228 0.0030302376181 0.000368593775048 -0.000190593661083
100 1000 0 0.0 nan 0.489852875517 0.51621803116 0.583282854652 0.545855032017 0.103510087966 0.0190351116192 -0.00157620866209 0.0042117726309 0.00128257056115 -0.00177320820639
101 1010 0 0.0 nan 0.497075875379 0.521969432168 0.588174208519 0.546661794516 0.111703685613 0.0150642114543 0.00122993469712 0.00584013781814 0.000199411948087 -0.00205414595287
102 1020 0 0.0 nan 0.501111677315 0.521305931774 0.593881405881 0.546977143657 0.107455249521 0.0149301513566 0.00125807085932 0.00825902813176 -0.000658018258423 -0.00271368480593
103 1030 0 0.0 nan 0.498702135009 0.52200517536 0.593090678273 0.540692568918 0.108578780153 0.00618830673865 0.00139477943275 0.00677021809131 -0.000487023294863 -0.00166669338702
104 1040 0 0.0 nan 0.494438996925 0.524978600291 0.593193714874 0.53612321905 0.102928773271 0.0074671792062 0.00455331387548 0.00185900216102 6.91448812045e-05 -0.00237131150863
105 1050 0 0.0 nan 0.491125629458 0.519961535607 0.589521055782 0.529835158453 0.100369239741 0.0100427939361 0.00352745267192 0.00221305629082 0.000208963045622 -0.00114042439367
106 1060 0 0.0 nan 0.489731074738 0.516241271693 0.592930965324 0.523649740577 0.0970164063235 0.00859572125423 0.00391353749423 0.000708787151068 -0.000978238696251 -0.00057534522291
107 1070 0 0.0 nan 0.488103821246 0.510507992265 0.597035978083 0.521399066441 0.0891659951145 0.0116516404811 0.00329711835155 -0.00188206915909 0.00127708829745 -0.00181577739117
108 1080 0 0.0 nan 0.492078264738 0.514645292493 0.594628476792 0.516780266006 0.0851436778045 0.029784278657 0.00551807914414 -0.000285475726052 0.00167319442151 -0.000734751021609
109 1090 0 0.0 nan 0.488042866558 0.513745081928 0.585700307637 0.524539080232 0.0792929153349 0.0275544620631 0.00232781505779 -0.00229186627502 0.00042181053907 -0.00242878633659
110 1100 0 0.0 nan 0.484845311561 0.512815502019 0.586586612814 0.519806690496 0.0739335883776 0.0326813480739 0.00434975959165 -0.000447244185797 0.000153498403409 -0.0014918191517
111 1110 0 0.0 nan 0.486993165404 0.518388284599 0.587745916184 0.510878186769 0.0717831458424 0.0297315009639 0.00601878733685 0.00110504746051 0.000785626587706 -0.00225046571885
112 1120 0 0.0 nan 0.472894451059 0.527606985659 0.575898925095 0.504955775108 0.0699022473992 0.0262877148987 0.00735812195366 0.00118506839358 0.00168800661056 -0.00171590713366
113 1130 0 0.0 nan 0.460370432322 0.526753091099 0.574638010657 0.49638694786 0.0665220217217 0.020934775424 0.0079232592398 -0.00150750115163 -0.00038486734427 -0.000125859609591
114 1140 0 0.0 nan 0.465045179613 0.530497388547 0.584458624174 0.498790422258 0.069855448114 0.0178229001508 0.00728473474948 0.00193071968682 0.000395705391786 -0.000582164502687
115 1150 0 0.0 nan 0.458040153599 0.533204738448 0.571048615842 0.50562981476 0.0669379818425 0.0100438191012 0.00855462072451 0.00255394394923 -0.000772815753385 -0.00314714792466
116 1160 0 0.0 nan 0.45484899026 0.532193267306 0.569714210045 0.482746767496 0.0544401844704 0.0155999437181 0.00557384504793 -0.000558332172687 -0.00141128386999 -0.000164359794113
117 1170 0 0.0 nan 0.459697936985 0.529625731626 0.564580538916 0.476500527739 0.0513638702746 0.0250113768572 0.00589428180856 -0.000863165587823 -0.00257307740757 -0.00110260786209
118 1180 0 0.0 nan 0.470229240845 0.523392421983 0.573269565902 0.489608305671 0.0547113000131 0.0211279566232 0.00905192356532 0.00249878198294 -0.00284016228236 -0.00189601943521
119 1190 0 0.0 nan 0.47473666785 0.519377680433 0.573891617995 0.493843691753 0.061398020868 0.0118576000119 0.00504627306218 -0.000345251736518 -0.00196117867198 -0.00234158175558
120 1200 0 0.0 nan 0.480877917784 0.516624956752 0.579824922104 0.480424933214 0.0583692424898 0.0260667476058 0.00514726226385 -0.000222133712249 -0.000617435600306 -0.00143828816795
121 1210 0 0.0 nan 0.467411183724 0.523790044366 0.56423266749 0.468605130436 0.0410984596115 0.0228400204089 0.00769667201515 6.71882772154e-07 -0.00167569114995 -0.00108534266487
122 1220 0 0.0 nan 0.454456492084 0.528519315537 0.563539503188 0.453041000983 0.0297857261455 0.0265930401623 0.00437520861604 -0.000309473967996 -0.00363861988677 -0.00127298034586
123 1230 0 0.0 nan 0.460956166092 0.525857115819 0.561901979055 0.459287025444 0.038265070345 0.0229440151317 -0.000404450907706 -0.000834136162602 -0.0018045170213 -0.00305610556499
124 1240 0 0.0 nan 0.453449654716 0.526932271135 0.554310665485 0.456986270199 0.0359395829165 0.0247920738851 0.00266251416079 -0.000261326914649 -0.00332436723635 -0.000689016338957
125 1250 0 0.0 nan 0.456662711345 0.53081326265 0.55732623197 0.448632394889 0.0337217636922 0.0273108594562 0.00437698943132 -0.000711149632056 -0.00215544041252 0.00028191204277
126 1260 0 0.0 nan 0.458043255261 0.532911914768 0.561380100085 0.442672735817 0.0343175105992 0.0254547514153 0.00670699243332 -0.000812209534689 -0.000431038646914 -0.000503704276167
127 1270 0 0.0 nan 0.451784832162 0.527642344465 0.560661830398 0.431498497018 0.0188516013361 0.0261925237988 0.00469747228018 0.00128632786694 -0.0013186696482 -0.000377619220204
128 1280 0 0.0 nan 0.449541257101 0.530536689738 0.557530265221 0.420324611068 0.0195684610417 0.0223456670013 0.00652216737146 -0.000231327661903 -0.00115641055665 -0.00226494523688
129 1290 0 0.0 nan 0.436207607009 0.539499699584 0.550304855745 0.412056245591 0.0230310592289 0.0169152212549 0.0127302808401 0.00175001270005 -0.00103006470796 -0.00150605561623
130 1300 0 0.0 nan 0.428530719332 0.546965973866 0.530892427278 0.406233032873 0.0217887046138 0.0121308831737 0.0123723111088 -0.000770211290421 -0.000457679330012 -0.00143651068391
131 1310 0 0.0 nan 0.419479724503 0.54413461471 0.534938730162 0.388580887454 0.0243173170421 0.00777360750419 0.0192219536797 -0.00191320449985 -0.000879933898875 -0.000170033581559
132 1320 0 0.0 nan 0.410689012037 0.541474736015 0.539836294585 0.371061698689 0.0146880239125 0.0137772481987 0.0145237986079 0.000120769133144 -0.00113908653813 -0.00157829687571
133 1330 0 0.0 nan 0.405255563758 0.546170174384 0.538009713977 0.365356770443 0.0174446553532 0.0115451023836 0.00975679002839 -0.000791654206235 -0.0019259939884 -0.000762469197223
134 1340 0 0.0 nan 0.423091017588 0.538380868334 0.546573094481 0.356177403882 0.0195565772061 0.0142762943046 0.0095439272982 -0.00315707836855 -0.000958895691657 -0.000632547669737
135 1350 0 0.0 nan 0.42576264496 0.540679253785 0.539478703107 0.336648175472 0.0153003793772 0.0188514066522 0.0115210667732 -0.00293472507211 -0.00319051621281 -0.0018744263784
136 1360 0 0.0 nan 0.426736274883 0.540071554419 0.535182210207 0.332890890006 0.017216772055 0.0245021288032 0.0125985599504 -0.0016551480141 -0.000454311408254 -0.00308070527128
137 1370 0 0.0 nan 0.418869641017 0.542021989262 0.541398732301 0.31354858083 0.0124963800434 0.0167309166021 0.0101979813991 -2.50863061705e-05 -0.00158309151425 -0.00201084409651
138 1380 0 0.0 nan 0.410425886371 0.556909317643 0.532675403749 0.263148589356 0.0116968312793 0.0126342826343 0.0101264964502 -0.000333348246601 -0.000490421384773 -0.00128550599449
139 1390 0 0.0 nan 0.414362352121 0.555764785643 0.53390275759 0.263176007811 0.0224915373051 0.00621337275186 0.00646447012208 0.00285066339041 0.000439806358813 -0.000857362101741
140 1400 0 0.0 nan 0.437824579022 0.540840339026 0.542103600467 0.252199088148 0.0211281531996 0.0162065005143 0.0109228248927 0.0031619654863 0.00255493495607 -0.0022404253303
141 1410 0 0.0 nan 0.429264070683 0.544957089621 0.548455505384 0.282142335807 0.0266431062222 0.0298828698954 0.00786501771616 0.00193787629242 7.70345746272e-06 -0.0024843768304
142 1420 0 0.0 nan 0.40009464958 0.549238480306 0.523737507346 0.252562228688 0.0099998069811 0.0123059876349 0.00484106122956 -0.00194599122801 -0.000266394246603 -0.000673373807653
143 1430 0 0.0 nan 0.408841413752 0.540976768348 0.532527172601 0.279173315278 0.0181585694482 0.007863913714 0.000681005956814 -0.00299193228104 0.000901648565368 2.56482440794e-05
144 1440 0 0.0 nan 0.411923335668 0.550171942066 0.526212093525 0.274447423852 0.0236252088508 0.0125340892803 0.00441081046176 -0.000726387632338 0.00110329359107 -0.00130370417603
145 1450 0 0.0 nan 0.409271942364 0.555394797586 0.525816499467 0.257052230724 0.0230443754817 0.014324255204 0.00679825187962 0.000665039324975 0.000967020532395 -0.00176213293646
146 1460 0 0.0 nan 0.408874969749 0.54821783595 0.535782805873 0.262784861845 0.0206722427847 0.0166875798024 0.00406876539982 0.000372594857801 0.00133819397689 -0.00149501492341
147 1470 0 0.0 nan 0.394310087689 0.552181359849 0.52926606566 0.259647724925 0.00635777340136 0.0142910474931 0.00698510484759 0.00215562433406 0.00126278815322 -0.00240161235639
148 1480 0 0.0 nan 0.395731629858 0.548595069585 0.535921624789 0.241242676165 0.0121371095704 0.0153260525478 0.00906119340964 0.00123912037186 0.00154990165643 -0.00269452262759
149 1490 0 0.0 nan 0.389895481778 0.553845964023 0.539387936406 0.218727248577 0.00483120487229 0.0121913347318 0.00731999346355 0.000405357321365 0.00030178999285 -0.000557762657372
150 1500 0 0.0 nan 0.389319381493 0.551888524343 0.54273750397 0.217870373728 0.00446478399761 0.00950835275921 0.00431194237448 -0.00136388454873 2.36119825473e-05 -0.00209318737147
151 1510 0 0.0 nan 0.38648706366 0.545653458181 0.540604978429 0.212707401826 0.00630120775627 0.00210561906697 0.00510369621634 -0.00105254629763 -0.000836399987196 -0.00266590362189
152 1520 0 0.0 nan 0.373688179128 0.551399945344 0.530985842041 0.209184234257 0.00338600807937 0.00254431352448 0.0034361822073 -0.00108454188123 -0.000339310153308 -0.00188293275531
153 1530 0 0.0 nan 0.389699022753 0.551453382725 0.532427518916 0.236034797278 0.0154123563985 0.00472415118861 0.00385980675318 0.00129605872376 0.000695346160348 -0.000374269516245
154 1540 0 0.0 nan 0.39120839172 0.556030071802 0.5260485931 0.215089775725 0.017722718956 0.00710238548083 0.00488261049575 0.00134809613254 -0.000260574184578 -0.00131176221083
155 1550 0 0.0 nan 0.383557287174 0.563608306272 0.517406988284 0.186421678806 0.0183207077386 0.0067421706583 0.00417657819057 0.00154268247415 -0.000332777134567 -0.000789352190119
156 1560 0 0.0 nan 0.376461784233 0.567735810089 0.511078347016 0.166178250751 0.0170334574498 0.0112678644454 0.00284131409745 0.000751866546364 0.000106113899774 -0.000898460745245
157 1570 0 0.0 nan 0.375174161531 0.567704508535 0.508800162011 0.158908215805 0.0135608435839 0.010234844507 0.0043648305395 -0.00216176948176 -0.000394352512351 -0.00083325484005
158 1580 0 0.0 nan 0.37644686218 0.574359136947 0.49295789414 0.13675934965 0.0154850478004 0.0102655140551 0.00634023142405 -0.00217852234025 0.000948858708818 -0.0012472224156
159 1590 0 0.0 nan 0.377277144124 0.574011332453 0.491293061692 0.14554649409 0.0133284981443 0.00781792137178 0.0018762993409 0.000869918049416 0.000456032627134 -0.000731622316766
160 1600 0 0.0 nan 0.366634736063 0.583600053905 0.487224849815 0.132728637174 0.0186763199945 0.00463549297852 -0.00059359791749 0.000321511812761 -0.00019990836584 -0.000201334697396
161 1610 0 0.0 nan 0.36598480233 0.582649815033 0.495122734923 0.138823458433 0.016052591009 0.00905404935819 -0.00306244064958 0.00199997173244 -5.88162992849e-05 -0.000310397256714
162 1620 0 0.0 nan 0.375785185372 0.580347263205 0.491937488813 0.130470062572 0.0243853880154 0.00760010183305 -0.00292211421639 0.00242536408231 -0.000277937174044 -0.000543647945002
163 1630 0 0.0 nan 0.370390339726 0.580436637139 0.490366512711 0.119992905685 0.0199595464303 0.0104029516795 0.00142945633569 0.00224073184995 -0.000423490939418 -0.00103167635941
164 1640 0 0.0 nan 0.363488742354 0.590156711317 0.473405326968 0.0820930404082 0.0166657140285 0.0109040502494 0.00184756134342 0.000524719551778 -0.000449250276406 -0.00244189823435
165 1650 0 0.0 nan 0.365696997375 0.590582800048 0.460226283638 0.0651399514503 0.0214487362287 0.0106696709975 0.00187350102404 -0.000690589854993 0.000369506936294 -0.00246973084234
166 1660 0 0.0 nan 0.365803768383 0.595961930185 0.46061156965 0.0696746346281 0.0178442777208 0.0114887143379 0.00463746397202 -0.000927232612059 -0.000342970120775 -0.000705796172851
167 1670 0 0.0 nan 0.355157401645 0.607427504587 0.444256783341 0.0453532598999 0.0146750962107 0.00578903201426 0.00851075229391 -0.000703149069603 -0.000244188031897 -0.000658924121392
168 1680 0 0.0 nan 0.354067341149 0.610689128809 0.438319817689 0.044598431272 0.0161987868828 0.00419657165976 0.00525355999872 0.00123258181377 -0.000319979255083 -0.000653437319955
169 1690 0 0.0 nan 0.34852122101 0.604850462766 0.440422199664 0.0335744823526 0.0107887877973 0.00709028218207 0.003998177122 0.00194716147703 0.000123285332982 -0.00216339955766
170 1700 0 0.0 nan 0.340083569767 0.603441082339 0.440176576549 0.0357923129086 0.0105593246532 0.00707237688818 0.00216570842891 0.00159597280879 -0.00103710141977 -0.00015819234545
171 1710 0 0.0 nan 0.339756786324 0.612668405291 0.432541175628 0.0317519024487 0.0143739400484 0.00216038750895 0.00236974037499 0.000341793033222 -0.000752912594038 -0.000523903724589
172 1720 0 0.0 nan 0.348783326534 0.611221033194 0.433045387296 0.0315787632563 0.0221819184822 0.00126104576948 0.00356173973726 0.00121716059757 -0.000892536009167 -0.000907916839676
173 1730 0 0.0 nan 0.346585725995 0.609054568692 0.433039431422 0.0227218122192 0.0214255451551 0.00216480985102 0.00196632875508 0.00118768041528 -0.00131147629697 0.000162173245018
174 1740 0 0.0 nan 0.342086745417 0.609902935831 0.430612145462 0.0144473556511 0.0171890470291 -0.000976935453836 0.00127397601526 0.00145078656241 -0.00167701928751 -0.00107214083309
175 1750 0 0.0 nan 0.333085204601 0.606350867633 0.430843267994 0.0108531685812 0.0178462526852 -0.0018905692591 0.000594275359636 0.00116551531133 -0.00131927777575 -0.000490351376116
176 1760 0 0.0 nan 0.331629538994 0.60553188917 0.428594511032 0.0085795823027 0.0166560165244 0.000531940548561 0.00250826158751 0.000695531115828 -0.00130130369042 -0.00116128409131
177 1770 0 0.0 nan 0.336884547915 0.605329513936 0.431511650743 0.0195719896173 0.0189866276686 0.00606523121088 0.00488781939845 0.000850021911219 -0.00182915565356 -0.00115158722028
178 1780 0 0.0 nan 0.335716778417 0.596607032702 0.435226342826 0.0189357493732 0.0213241746644 0.00669763367206 0.00433585825307 0.000214601250338 -0.00124407966625 -0.00047678603034
179 1790 0 0.0 nan 0.332862838393 0.589259064468 0.440142917789 0.0249371741612 0.015597948177 0.00470151095146 0.00340952607049 -0.000636946565723 -0.00110576474332 -0.000823457460968
180 1800 0 0.0 nan 0.334544125608 0.588582138493 0.438854477246 0.0161973886222 0.015367850989 0.00556977938608 0.00232050758719 -0.000461747989475 -0.000486680133921 -0.000544807115648
181 1810 0 0.0 nan 0.333511561783 0.5830264903 0.450303622084 0.0297637034402 0.0105365686502 0.00672961655057 0.00105609818774 -0.00118864301827 -0.000632855476254 -0.00146150510424
182 1820 0 0.0 nan 0.336130183283 0.586821779491 0.449848284713 0.0331338217636 0.0139475282553 0.00616405110047 0.00142396662104 -0.00112510938433 -0.000567628010252 -0.00118958660602
183 1830 0 0.0 nan 0.327776318969 0.59893715685 0.430902420989 0.0168920416573 0.0120412639434 0.00678004620716 0.00108182058011 -4.16327813018e-05 -0.000210958155538 -0.000710775451216
184 1840 0 0.0 nan 0.332169480368 0.587047643182 0.440955023404 0.0245241332387 0.0104161972149 0.00729927008427 5.11532121373e-05 0.00011583790527 0.000285999563154 -0.00143018028075
185 1850 0 0.0 nan 0.339166089143 0.58523383408 0.440275541384 0.0291813823797 0.0142753508942 0.00488638605386 0.00119724503747 0.000144879222158 -0.000254397078798 -0.000891608611878
186 1860 0 0.0 nan 0.336639258986 0.59112255549 0.429923282606 0.0273133836987 0.0117050514901 0.00665665917099 0.000987898406228 0.000363727943857 -0.000471520776812 -0.0010194435958
187 1870 0 0.0 nan 0.327747561574 0.590784149615 0.425889331828 0.0232390822702 0.00883316622444 0.00401416546343 0.000835506005001 0.000992171940801 -0.000386570520256 -0.000674444901304
188 1880 0 0.0 nan 0.327173967879 0.587485958659 0.425991459885 0.0153979563109 0.00973238313234 0.00464060214779 5.95591899443e-05 0.000794030492876 -3.42739460848e-05 -0.00154032228844
189 1890 0 0.0 nan 0.331272951419 0.58630080921 0.427110780702 0.0217052542087 0.00681530332136 0.00353489218248 0.000621477415492 0.00143225072933 9.54024822471e-06 -0.000924756202544
190 1900 0 0.0 nan 0.33103907495 0.583177393103 0.427735885616 0.0208574399666 0.00397747628069 0.00366115849108 0.00107330121703 -0.00044853031589 0.000261527713856 -0.000680518864707
191 1910 0 0.0 nan 0.330940670805 0.584038074244 0.426328933837 0.0152073505013 0.00247613494498 0.00170706105981 0.00180462691062 -0.0019944893618 -0.00018130676509 -0.000407620363963
192 1920 0 0.0 nan 0.330000806993 0.587772247354 0.422609051963 0.0127724484369 0.00603429676558 0.00265494080499 0.00190265945566 -0.00036817371566 -0.000301849033536 -0.00112472100698
193 1930 0 0.0 nan 0.32976302307 0.580708417099 0.428510325999 0.0270178279597 0.00314275208485 0.00241978692065 0.00217180375958 0.000466759927589 -0.00033638007325 -0.000771260804997
194 1940 0 0.0 nan 0.328528532681 0.581620871891 0.42810507309 0.0285163299319 0.00358049167849 0.0019266545213 0.000925499251288 -7.2017473738e-05 -0.000245230416429 -0.000484285233875
195 1950 0 0.0 nan 0.326870364794 0.584497220135 0.423918113633 0.0190832951773 0.000968932406458 0.00369579349462 0.00185663997295 -2.47536566688e-05 -6.30235648363e-05 -0.000816613202236
196 1960 0 0.0 nan 0.323338065969 0.585584591825 0.420298048338 0.0107400416643 0.00146241361462 0.00231391631824 0.00314647037835 -0.000254841903645 -8.12540817227e-05 -0.000289747902316
197 1970 0 0.0 nan 0.32333368958 0.585144783695 0.417586104128 0.00650098282119 0.00348038858756 0.00290614958165 0.00292149366059 4.3404951701e-06 -0.000520312240768 -0.000396615505168
198 1980 0 0.0 nan 0.320963978691 0.583578854937 0.417997391995 0.00973432736156 0.00345062545327 0.00184886574137 0.00162392117075 4.70656617285e-06 -0.000503105786501 -0.000523862942707
199 1990 0 0.0 nan 0.317669856399 0.586460434248 0.413231457097 0.00581095378214 0.00526881964665 0.00160270803306 0.00170374614145 -0.000164558091485 -0.000195137449636 -0.00055345384808
200 2000 0 0.0 nan 0.316854804693 0.587045078553 0.409827844447 0.00195276171131 0.00512813788183 0.00146198526619 0.0018513285965 -0.000253002680855 -0.000271248583901 -0.000484613922834
201 2010 0 0.0 nan 0.318529760799 0.587838728876 0.407636466885 0.0084871769089 0.00679655401189 0.00274297825931 0.0024686256212 -6.02412777734e-05 -0.000570784372964 -0.000409690758362
202 2020 0 0.0 nan 0.313031600504 0.589704572808 0.40364390037 0.00749840728963 0.00568914213146 0.00287462689053 0.0015072591166 -0.000307474085907 -0.000530602778999 -0.000265492687698
203 2030 0 0.0 nan 0.31017208474 0.58613343939 0.400647829514 0.0111281559613 0.00732889688182 0.0037960718353 0.00218620148153 6.25595018401e-05 -0.000534939794871 -0.000367340477494
204 2040 0 0.0 nan 0.309570882321 0.587227859857 0.396464147843 0.0130763655245 0.00843955812479 0.00206906645951 0.00119805410894 -9.27552896269e-05 -0.000443021934332 -0.00046577598925
205 2050 0 0.0 nan 0.300936025218 0.592713213934 0.386579030263 0.00926435463384 0.00873050332503 0.00142915908961 0.00121169957518 -5.9080998624e-05 -0.000464371147857 -0.000308009708961
206 2060 0 0.0 nan 0.300208899095 0.588070079388 0.386046518359 0.0127538620957 0.00630186574029 0.00143294315543 -0.000219486731509 -0.000278917056172 -0.000169412245202 -4.94762152719e-05
207 2070 0 0.0 nan 0.297314859887 0.586656892329 0.385093817107 0.0071047100337 0.00631709450591 0.00257125288063 5.02122445549e-05 -0.00112712041747 -0.000172761147146 -0.000235111347968
208 2080 0 0.0 nan 0.298160889153 0.590141537796 0.388977605774 0.0125974812249 0.00691379050726 0.00215671204783 -7.42804080551e-05 -0.000351408007755 -0.000321629862793 -0.000213181345202
209 2090 0 0.0 nan 0.300011709437 0.590526575407 0.38481779396 0.0146751774072 0.005175409749 0.00216318121283 -4.7933774833e-05 -0.000105211508744 -0.000239594860996 3.24907218729e-05
210 2100 0 0.0 nan 0.301011377803 0.587953710112 0.383161721702 0.0181800382642 0.00802966880419 0.0023302150041 -0.000692416700601 -0.00012846545289 -7.49587420668e-05 3.26489001647e-05
211 2110 0 0.0 nan 0.30001210139 0.590442632871 0.381205739983 0.0185281173193 0.00777605996277 0.00200797142631 3.87966857772e-05 0.000295667153489 5.75291096254e-05 -7.92650521421e-05
212 2120 0 0.0 nan 0.297260207508 0.592128845839 0.375794673764 0.0115647105106 0.00542202881128 0.00490121968599 0.000563555023046 8.15001769755e-05 -8.78164612997e-05 -7.12392282748e-05
213 2130 0 0.0 nan 0.295818237251 0.589712145076 0.375738675052 0.00998838997533 0.00197197621495 0.0048710121166 0.000343278037352 -0.000164338613492 -9.63647647818e-05 -0.000219314525216
214 2140 0 0.0 nan 0.290148774149 0.59442632313 0.3675492067 0.00624756116959 0.003251998052 0.00592123838402 -0.00052978733305 -0.000192934186704 -0.000278338631777 -0.000278858162557
215 2150 0 0.0 nan 0.28524724668 0.600629599533 0.356954425693 0.00451094491565 0.00642181347037 0.00676593870555 -9.66339106926e-06 0.000404346301771 -4.75338130554e-05 -0.000149691464261
216 2160 0 0.0 nan 0.283103408828 0.599908937766 0.357135396264 0.0035709822117 0.00431686467258 0.00682044689777 0.000507426722065 0.000535280108271 5.96658981585e-05 -0.000358066298028
217 2170 0 0.0 nan 0.283886414144 0.598687115006 0.35474344519 0.00493105324359 0.00248753306254 0.00678982039877 -0.000146362971229 0.000915899984837 0.000107020178245 -0.000532319644792
218 2180 0 0.0 nan 0.281637394418 0.599862054777 0.351966406291 0.00540769143039 0.00162015503369 0.00611526081019 0.000137463643118 0.000951190968805 0.000115863731119 -0.00056959795027
219 2190 0 0.0 nan 0.278868090734 0.600581863186 0.3507834386 0.00504758030514 0.00245344538469 0.00529250630222 0.00051203399679 0.000630478483262 0.000158309025202 -0.000366842832943
220 2200 0 0.0 nan 0.284668277849 0.603272733901 0.349379256944 0.00675492082116 0.00240805385568 0.0068651219382 0.00070212866791 7.42018132454e-05 5.22043102304e-06 -0.000524852677438
221 2210 0 0.0 nan 0.283948135984 0.605183973252 0.346047983295 0.00705958152385 0.00327142348328 0.00714418538069 0.000363463679209 -2.99860699825e-05 0.000124283019309 -0.000813467897965
222 2220 0 0.0 nan 0.278065575661 0.608168600735 0.339633905211 0.00142293695892 0.00111685831557 0.00812059387802 0.000184332141785 -0.000252702261632 8.05916854791e-05 -0.000621735898857
223 2230 0 0.0 nan 0.280624043591 0.608366111296 0.340680940386 0.00445618096165 0.00371629323803 0.00939808858111 0.00113259895774 -0.000636733545148 -0.000286576922547 -0.00039288034756
224 2240 0 0.0 nan 0.278804568381 0.610677799922 0.334872133982 0.004297828915 0.00355343960452 0.00819982106194 0.00118660193591 -0.000668539550413 -0.000129422996219 -0.000483184772312
225 2250 0 0.0 nan 0.277990812492 0.606673687237 0.336955818735 0.00880554285966 0.00371179390959 0.00567214161658 0.000582569304756 -0.000140841707309 -0.000222124412628 -0.000194827305388
226 2260 0 0.0 nan 0.273142504068 0.604162176517 0.332377206741 0.0114781096794 0.00225174986265 0.00456034850336 0.000648622040671 -0.000491845915629 -0.000413622495367 -6.2797144017e-05
227 2270 0 0.0 nan 0.267843075762 0.604966856668 0.325026707073 0.0107115613985 0.00138230024288 0.00536944014956 0.000581976517586 -0.000157838552759 -0.000625106336177 -0.000228888733156
228 2280 0 0.0 nan 0.264079772832 0.610180754312 0.321769478315 0.010237112236 0.00114404092895 0.00546228219504 -6.20004906507e-05 0.000469144254429 -0.000392546472448 -0.000203436692239
229 2290 0 0.0 nan 0.256024457054 0.615168261034 0.307913280393 0.00427318633661 0.000234845892047 0.00718960303231 -8.95668949465e-05 -0.000314460081475 -0.000950219295953 -8.96124085973e-05
230 2300 0 0.0 nan 0.258755681448 0.616579060974 0.301999409883 0.0042367736905 0.00473581195156 0.00738936008991 -0.000706838361973 -0.000368543281001 -0.000793730896493 -0.000373130960142
231 2310 0 0.0 nan 0.259528524028 0.618528769426 0.297518700303 0.00561410777438 0.00747938793648 0.00814087477086 8.91872403662e-05 -0.00028909385958 -0.000823747017743 -0.000223499496308
232 2320 0 0.0 nan 0.253121268407 0.623433913379 0.293476601092 0.00772739581874 0.0089624246902 0.00580292490261 0.00164208404592 -0.000129063748055 -0.00077536078996 -0.000153286273203
233 2330 0 0.0 nan 0.250853329743 0.62617541451 0.291770864191 0.0119861248934 0.00861383582633 0.00496662997601 0.00126779815446 0.000286080529437 -0.000593619458101 -0.000566750213324
234 2340 0 0.0 nan 0.240710022647 0.631675563005 0.279451057465 0.0116173546542 0.00849606641829 0.0074153013074 0.00155520378441 0.000577013094723 -0.000276478715969 -0.000165630946595
235 2350 0 0.0 nan 0.238687860486 0.62942028527 0.275433485885 0.0122493148955 0.00525743778796 0.00458104531596 0.000846640075327 0.001103643765 -0.000132126201687 -0.000210732820537
236 2360 0 0.0 nan 0.228424266263 0.639800048267 0.252322309226 0.00985400642879 0.0052294861409 0.0043835611582 0.000843737978521 0.000660994646472 -0.000468820416783 -0.000275286481677
237 2370 0 0.0 nan 0.23323817844 0.635074959764 0.256116725903 0.0176903293698 0.00542375291642 0.00674740433226 0.000139782937189 -0.000111067120158 -0.000921685664792 -3.80558325147e-05
238 2380 0 0.0 nan 0.226483387359 0.640527145721 0.235787962721 0.0132212978608 0.00453096519623 0.00677030345273 -4.1094426441e-05 -0.000791523242635 -0.000794147691697 -0.00038675875016
239 2390 0 0.0 nan 0.228330760699 0.644872837066 0.224678616104 0.0242832895666 0.0132152675534 0.00470863595352 -0.000579785206428 0.000539628351894 -0.0010992120025 -0.000162407052342
240 2400 0 0.0 nan 0.224361570071 0.649426987285 0.20711629425 0.0244084445535 0.0116515830595 0.00234561227189 0.000726851070782 -0.000119427246545 -0.0012314659236 -5.85594395329e-05
241 2410 0 0.0 nan 0.214529804469 0.657913534042 0.190910303111 0.0108066257932 0.00817860411259 0.00264254761459 0.000302801214414 -0.000594985947682 -0.000658567092239 -0.000396391855988
242 2420 0 0.0 nan 0.201892241692 0.667932838252 0.150306744839 0.0156849787945 0.0100410111745 0.000845597902692 0.000287980923377 -0.000937519118458 -0.00184913496067 -0.000794243739366
243 2430 0 0.0 nan 0.2062302703 0.668449846102 0.151562667005 0.00736604521778 0.0080492127153 0.00369141997408 -0.000462286903086 -0.00032649705973 -0.0014531555706 -0.000259730676626
244 2440 0 0.0 nan 0.219139126245 0.668478308668 0.168315962436 0.0144987380275 0.00725661941172 -0.000345228624481 0.00137873402538 -0.000429648699001 -0.00144764342593 -0.001317157557
245 2450 0 0.0 nan 0.210465603043 0.670281159482 0.155612369451 0.00985135045355 0.0102530316799 0.00186539874849 -0.00152337713171 -0.000967030820202 -0.00177660229359 -0.00128668879651
246 2460 0 0.0 nan 0.215775793654 0.660201381062 0.167259220728 0.022096541757 0.0133127797075 0.00463710526891 -0.000893015643578 -0.000264391493659 -0.00187817325753 -0.000428928744806
247 2470 0 0.0 nan 0.212536616416 0.661106391142 0.167223682657 0.0126907099197 0.00937701477728 0.00254589072452 0.000404545449081 -0.000184798880073 -0.00203804193517 -0.000931690744303
248 2480 0 0.0 nan 0.210637326591 0.662026320837 0.167580009844 0.00177059284754 0.00875722923758 0.00265458215256 0.00136728551407 -0.000500820908298 -0.00131612415338 -0.00067621433571
249 2490 0 0.0 nan 0.201728445684 0.667629201761 0.147354856025 0.00153219838619 0.00930943712128 -0.000366113024864 0.00100337313062 -0.000512765949589 -0.00105753356653 -0.000905324019953
250 2500 0 0.0 nan 0.199132913377 0.663530855743 0.148677329886 0.00783285220258 0.0121945678618 0.00186105652592 0.000242055352875 -0.000296227239244 -0.000518880192198 -0.00111559541116
251 2510 0 0.0 nan 0.198853968627 0.668178657487 0.141423837883 0.00406302330058 0.0108834210299 0.00205228650568 0.00094445982427 -0.00105735340779 -0.000649126160586 -0.00119783506769
252 2520 0 0.0 nan 0.181619451506 0.673115372792 0.117192516381 0.00337566344775 0.0103902011602 0.00187392652507 0.000132824277978 -0.000870219735876 5.28895570605e-05 -0.00143977928836
253 2530 0 0.0 nan 0.19088724824 0.664953578041 0.140339467453 0.0093467311642 0.0108795910247 0.00319430151331 0.000184776482528 -0.000163371215713 0.000267724253095 -0.00115297822646
254 2540 0 0.0 nan 0.195775602858 0.661415922256 0.142091159996 0.0118379444972 0.00991058099119 0.000824873555765 0.00072157495329 -0.000637715421994 -0.000308194580921 -0.00124512920625
255 2550 0 0.0 nan 0.190853939156 0.667063575991 0.132462333882 0.0130879928815 0.0110957024544 0.00159017178918 0.000797443210348 -0.000358175790041 -0.000474155342518 -0.00100139655226
256 2560 0 0.0 nan 0.184204438525 0.669447420685 0.121888937006 0.00748275906746 0.0103959999205 0.00262677570463 0.00061958205257 -0.000218268817055 -0.000567536670599 -0.000928819542665
257 2570 0 0.0 nan 0.180835235308 0.669916620612 0.113346023128 0.00661477042385 0.00753278756387 0.00167757595767 0.000897983436717 -0.000129815931362 -0.000796478330952 -0.000890516978885
258 2580 0 0.0 nan 0.171987851394 0.672500803486 0.097378279081 0.0040803504876 0.0056716664027 0.00208905249841 0.000408586768444 0.00026180235829 -0.000420133452523 -0.000817380315346
259 2590 0 0.0 nan 0.167335285377 0.672021955413 0.0902045155034 0.0063697555682 0.00584629933692 0.000493968813662 0.000659730142778 0.000520193969072 -0.000190468616168 -0.000822308216747
260 2600 0 0.0 nan 0.168342834451 0.671817939461 0.0888648093631 0.00955600238449 0.0083553924094 0.000233378855153 0.000789833440918 4.34298431916e-05 -0.000678678667149 -0.000478575879451
261 2610 0 0.0 nan 0.170949005028 0.667642878112 0.0915366432061 0.0146795270018 0.00933437247767 0.000889829644842 0.000867117708734 0.000627072716657 -0.000224346352108 -0.000586679774837
262 2620 0 0.0 nan 0.16523444463 0.668520443072 0.0786970933672 0.0170038897529 0.00711357746441 0.00104695438365 9.101686289e-05 1.37549273626e-05 -0.000482760731667 -0.000371006825307
263 2630 0 0.0 nan 0.160942734401 0.667945431432 0.0721898473452 0.00859123516565 0.00566010701147 0.000661638430056 0.000449798236323 -0.00050745287108 -0.000348036871442 -0.000474101957238
264 2640 0 0.0 nan 0.15438812672 0.672607543607 0.063881665821 0.00717737086747 0.00398444782495 0.000819611960974 0.000362012579251 -0.000318632403892 -9.00328959803e-05 -0.000266141845368
265 2650 0 0.0 nan 0.15559032219 0.670305771678 0.065165230519 0.0104657313012 0.00103783442392 0.000357902077844 0.000262074504561 5.12999680504e-05 4.2369112593e-05 -0.000387688491474
266 2660 0 0.0 nan 0.159291976828 0.663599550353 0.0756974724865 0.0146596508192 0.00128714994391 0.000516201756072 0.000363201731628 0.000248270618491 6.76962106754e-05 -0.00036565611124
267 2670 0 0.0 nan 0.152101818945 0.665286665643 0.0612179537317 0.0167820317869 0.00180924385818 0.0012204591952 -0.000285426423355 5.60010564881e-05 0.000271630660443 -0.000467607884934
268 2680 0 0.0 nan 0.153002307332 0.667952530182 0.0566671312724 0.0127555303532 0.000661788685905 -0.000538526692371 0.000204305408262 -0.000191187292904 -8.21761261425e-05 -0.000461711418275
269 2690 0 0.0 nan 0.14753812527 0.671322692828 0.0406166338763 0.0128996044094 0.000859493891487 0.000298616726279 -0.000367317854153 -0.000486733971849 -0.000212893887712 -0.000358602968067
270 2700 0 0.0 nan 0.150244807545 0.667043712838 0.0421597588978 0.0119267698994 1.41349661291e-05 0.000360935195716 -0.000492151351462 -0.000736776040294 -0.000371514493446 -0.000209349348143
271 2710 0 0.0 nan 0.145264239147 0.666471192771 0.0301261884896 0.0119934914582 0.000186043198883 0.000303593803261 -0.000732476568626 -0.000601827496654 -0.000402534377127 -0.000288407128467
272 2720 0 0.0 nan 0.14563700383 0.660488554533 0.0355873851477 0.00960788319271 0.000445916189077 0.00110798219275 -0.00038071597119 -0.000138067074976 -0.000240403905475 -0.000356267181968
273 2730 0 0.0 nan 0.152265595169 0.657242975244 0.0528086176166 0.00956607307722 0.000373233823721 0.000424174724571 -0.000312304014575 -0.000368870066132 -0.000211579911566 -0.000739638839353
274 2740 0 0.0 nan 0.155736170519 0.649820030338 0.0567573359568 0.0142450512379 0.00119083389296 0.000671788240857 0.000231492679556 6.2228191462e-05 -0.000164640695542 -0.000456894503887
275 2750 0 0.0 nan 0.154750466182 0.64723709614 0.0555465108544 0.0126309408604 0.00145634585949 0.000299591960822 0.000122853430917 0.000270641793694 -0.000214708753748 -0.000600208291836
276 2760 0 0.0 nan 0.156909816027 0.643067604614 0.0652169605997 0.0128374655908 0.00221362330715 9.52679850938e-05 -0.000556662848833 -0.000219669418009 -0.000284707372987 -0.000388224471264
277 2770 0 0.0 nan 0.160716305241 0.640823943954 0.0606787605231 0.0162439488305 0.00508576379175 -0.000125687057303 -0.000938458676952 -0.000881743872889 -0.000485365024641 -0.000477600177036
278 2780 0 0.0 nan 0.15168545378 0.644022307578 0.0381262742451 0.0156348135433 0.0039485555173 0.000198781510848 -0.00120230353833 -0.000710843215897 -0.000567709718323 -0.000412400607758
279 2790 0 0.0 nan 0.153387488514 0.638530700926 0.0473130692954 0.0179111923218 0.0042475138603 0.0007501210087 -0.000426782955024 -0.000851096935153 -0.000371526178621 -0.000379594410299
280 2800 0 0.0 nan 0.148583848149 0.638140876257 0.0448817069999 0.0164756454009 0.00203587075119 0.000801074254504 -0.000504746375947 -0.000195141939155 -0.000569284839276 -0.000545570387513
281 2810 0 0.0 nan 0.145803416986 0.642225468242 0.0255005932206 0.0133641427462 0.00220653874969 0.00127395842617 -0.000476461574915 -0.000556832237153 -0.000655731403952 -0.000499287142155
282 2820 0 0.0 nan 0.146705311529 0.63477330247 0.0251808682471 0.0131228630587 0.00238676000262 0.00164631540722 -0.000397049411934 -0.00112548899256 -0.000365499325071 -0.000494513290759
283 2830 0 0.0 nan 0.143975952272 0.636434916389 0.0220677910031 0.0102846560902 1.90885395415e-05 0.00171703866313 0.000275425871083 -0.00100115699219 -0.000563528107778 -0.000407435100372
284 2840 0 0.0 nan 0.138586552408 0.630082614625 0.0238920582117 0.017581221117 0.00276114852837 0.000194930843639 -0.000381336145607 -0.00055457616978 -0.000324371207222 -0.000408253889743
285 2850 0 0.0 nan 0.142030015588 0.62028475706 0.027202047828 0.0178813704034 0.00196337467153 0.000176654194388 -0.00108426542505 -0.000404430645553 -9.63215252499e-05 -0.000628286748586
286 2860 0 0.0 nan 0.142790703627 0.617566736103 0.0315860352337 0.0144780073176 0.00185238983308 0.000203931412644 -0.000325400453779 -0.000298907550674 -0.000277553484899 -0.000545342914309
287 2870 0 0.0 nan 0.140002883963 0.611845555517 0.0192323894287 0.0156118807941 0.00315055932906 0.000889734300383 -0.000496547037342 -0.000364760951843 -2.18486583006e-05 -0.000437759599754
288 2880 0 0.0 nan 0.13563315218 0.609879795252 0.015752063201 0.0205976361833 0.00277960046124 0.000939359169487 -0.000814758473267 0.000211537177636 -0.000210665212433 -0.000278126232895
289 2890 0 0.0 nan 0.131668386992 0.601979788473 0.0133490972038 0.0212586988346 0.00145474174541 -0.000264835452463 -0.0011636160411 1.14743647157e-05 -0.000327004046508 -4.72491889912e-05
290 2900 0 0.0 nan 0.136905752415 0.597861813381 0.040777000222 0.0195811680218 0.00181253959121 -0.000101180401764 -0.00093750613697 -7.08433979286e-05 -0.000326854615831 -0.000128117802076
291 2910 0 0.0 nan 0.138487149782 0.575636452453 0.0500276094486 0.0253180155175 0.00198995864755 -0.000659901207341 -0.000976175412899 -0.000182212884338 -0.000350334871508 -0.000344011196493
292 2920 0 0.0 nan 0.143667395056 0.560826058461 0.0439211366372 0.0267350364366 0.00174028276807 -0.00145536155965 -0.00101750990248 -0.000240773401536 -0.000766260170891 -0.000640564438057
293 2930 0 0.0 nan 0.146826379745 0.565785912513 0.0362570278955 0.0242293563353 0.00481129576122 -0.000251468084078 -6.84588705174e-05 0.000263716636494 -0.000586776797324 -0.000506184442871
294 2940 0 0.0 nan 0.145555359648 0.549644244074 0.0319467519195 0.0248865726047 0.00599146323922 0.0004946951378 -0.000603513032972 0.000466874463548 -0.000641471017958 -0.000799444145218
295 2950 0 0.0 nan 0.147399307831 0.550041743804 0.0285032309221 0.0214767207727 0.00913940556038 0.00216190610987 -0.000153851045078 0.000158499083314 -0.0005711027463 -0.000288789070607
296 2960 0 0.0 nan 0.138806101765 0.52515352205 0.028540662208 0.0175233840834 0.00620705323543 0.00432579425167 -0.000393462199176 0.000462567685941 -0.000631477964925 -0.000325443510308
297 2970 0 0.0 nan 0.152516666443 0.501714089772 0.0386728096674 0.0145719458154 0.00397246897633 0.00519420239917 7.58572246144e-05 -0.0011067368516 -0.00112250159043 -0.000502459844377
298 2980 0 0.0 nan 0.155042861766 0.492755927786 0.053506887151 0.0139415227591 0.00490695575794 0.00379635058512 -0.000166602888276 -0.000281672384254 -0.000469994204475 -0.00106026699492
299 2990 0 0.0 nan 0.173126309894 0.462311524886 0.0856130490728 0.0203946995196 0.00498324905439 0.00524264603987 0.000625034636715 0.000646797203974 -0.000902586265761 -0.00119055810315
300 3000 0 0.0 nan 0.149702474488 0.452576671417 0.0428651242492 0.0106569502595 0.00608110042705 0.00408765386388 5.93114007327e-05 -0.00044194414653 -0.000909348476425 -0.000800940609559
301 3010 0 0.0 nan 0.153859117525 0.456117195269 0.0559002585151 0.0173418693162 0.00750743187517 0.00260923406344 0.000309629806477 6.87293232284e-05 -0.000807539259508 -0.000340354292339
302 3020 0 0.0 nan 0.152949689456 0.422250882875 0.0500964895427 0.0221843657134 0.00697994632698 0.00504184059961 -0.000364789240543 -0.000722283834215 -0.00172186788116 -0.000386525067507
303 3030 0 0.0 nan 0.161434503275 0.406764177372 0.0686008751051 0.0181080692812 0.0047308773322 0.00382609544782 -0.000221789234641 -0.00213999644168 -0.00166637620208 -0.00100015811563
304 3040 0 0.0 nan 0.155934808153 0.414907490748 0.0647500029293 0.0338129399762 0.00673753267063 0.000987637066465 -0.000613676572733 -0.00151377035736 -0.000931013996277 -0.00140588279006
305 3050 0 0.0 nan 0.149582842733 0.407767242774 0.06571850949 0.0273952848443 0.00163132623801 8.85364251653e-05 0.00040428373472 -0.00171274433232 -0.000515926365527 -0.00103794116788
306 3060 0 0.0 nan 0.145661171813 0.407610374102 0.0367109973299 0.0218627409826 0.00304653269599 0.00239424473005 0.000601281935191 -0.00188316710213 -0.00121865313245 -0.000706744445541
307 3070 0 0.0 nan 0.145071793575 0.404047487667 0.0264254229312 0.0211429371266 0.00105804294559 0.00183499607129 0.00108943234272 -0.00255540567387 -0.00125287714688 -0.00091579394376
308 3080 0 0.0 nan 0.164729020626 0.378945720333 0.0464431660521 0.03527910159 0.00397544348508 0.00246484003866 0.000931155508754 -0.00276549812533 -0.00180786164001 -0.000790075716988
309 3090 0 0.0 nan 0.164850891514 0.356987838794 0.0487798163029 0.0410085083104 0.00656930724613 0.00308658285767 0.00169828523987 -0.00252070602325 -0.00149486578004 -0.000638775291114
310 3100 0 0.0 nan 0.158807007931 0.360957234453 0.0474567442021 0.0408812766522 0.00460233273353 0.00200308627749 -0.000156095634599 -0.00214567471089 -0.0004979064338 -0.000578675324477
311 3110 0 0.0 nan 0.16314996917 0.367252579804 0.058320994373 0.0452954583006 0.00685141151443 0.00243593327937 -0.000139474759048 -0.00155763993426 0.000248660950975 -0.000558561176365
312 3120 0 0.0 nan 0.152186827341 0.366848938384 0.0455332432904 0.037226438029 0.00667514141822 0.00241994154997 -0.00096849821046 -0.00143705057873 -0.000471553680412 -0.000488953302094
313 3130 0 0.0 nan 0.146623547173 0.366349892779 0.0387124521868 0.0296163451584 0.00675316985055 0.00339882436204 6.8871936884e-05 -0.00164882748258 -0.000774892901786 -0.000762244396872
314 3140 0 0.0 nan 0.130786768715 0.348366398569 0.0190267409127 0.0235403752621 0.00458291048078 0.00472431198065 -0.000210887741193 -0.00206165226122 -0.000810778656828 -0.0011946870256
315 3150 0 0.0 nan 0.129997552356 0.364673952894 0.0340882730037 0.030662023458 0.00293632762371 0.00232090146289 -0.000275517597427 -0.00167379107752 -0.000928010789091 -0.00139191971502
316 3160 0 0.0 nan 0.123566912939 0.345576568561 0.0391831293786 0.0307536613438 0.00689141858354 0.00218066420716 0.0002628095764 -0.00195113048186 -0.000256328117619 -0.00111232310776
317 3170 0 0.0 nan 0.125534856835 0.338651736374 0.0350010195757 0.0257373872034 0.00522954531098 0.00202301590692 0.000398969336327 -0.00204213175175 -0.000383086591021 -0.00151134401755
318 3180 0 0.0 nan 0.122763447692 0.346269993816 0.0252328877272 0.0197955010864 0.00555264858009 0.000561798227446 -0.000718677403183 -0.00233672912128 -0.000233761900913 -0.00139170486798
319 3190 0 0.0 nan 0.125057093221 0.311352273984 0.0175707507146 0.0169457343316 0.0051063842767 0.0014479239121 0.000532575492891 -0.00262381727752 -0.000723735826576 -0.0019254090805
320 3200 0 0.0 nan 0.122316983514 0.292824459415 0.00595146076146 0.0124163502743 0.00766042380737 0.00311164695947 0.000160299554845 -0.00210783225559 -0.00108435188398 -0.00211822290484
321 3210 0 0.0 nan 0.117674878806 0.238150087694 0.016931988413 0.0295935313129 0.0112230576676 0.00439801016512 0.000771200289026 -0.00168088233543 -0.000474203910357 -0.00207397777586
322 3220 0 0.0 nan 0.125223192506 0.225531361339 0.0260960610691 0.0353921163254 0.0130171231544 0.00596503632726 0.00152060994635 -0.00189262107614 -0.000962434838095 -0.00191960636698
323 3230 0 0.0 nan 0.127539206169 0.243629907383 0.0171267742483 0.0262520283027 0.0109889395945 0.00600949484237 0.00190500559092 -0.00249813877775 -0.00123597316556 -0.00159161938659
324 3240 0 0.0 nan 0.119591634593 0.225398031647 0.0156057214378 0.0405088073209 0.0128078414093 0.00578777654011 0.000349440999837 -0.00205457665149 -0.00117880178677 -0.00132571962433
325 3250 0 0.0 nan 0.113903421784 0.235911315668 0.0131628084005 0.0272804044152 0.0120786190754 0.00450897219891 0.000913021875599 -0.00189238415605 -0.000750591468777 -0.00182277691114
326 3260 0 0.0 nan 0.111414588161 0.238868838256 0.0159565471636 0.0288057130982 0.013464552105 0.00577094983293 0.000952687685853 -0.00162127623253 -0.000271360617051 -0.00134802557699
327 3270 0 0.0 nan 0.115149165047 0.228782994999 0.017533309253 0.0248361319908 0.0134973365502 0.00638571690677 0.000977754735494 -0.00126504125843 -0.000235807820052 -0.00126020224523
328 3280 0 0.0 nan 0.115668149712 0.205297642771 0.0113628422093 0.0266142910717 0.0117381832608 0.0067177517001 0.00159464942065 -0.00173720314939 -0.000699121943572 -0.00102919668687
329 3290 0 0.0 nan 0.11893806296 0.190391608925 0.023497587054 0.0215031913059 0.0106648223616 0.00643704232392 0.00190123232655 -0.00151368672889 0.000154768838881 -0.00160494145816
330 3300 0 0.0 nan 0.118330752767 0.179112735166 0.0195714430549 0.0187587452962 0.0108033431314 0.00541699975682 0.00179617566832 -0.00108713150039 0.000106235101542 -0.00191596853491
331 3310 0 0.0 nan 0.121687913815 0.163071411077 0.0213783129199 0.0106249084104 0.0091179273193 0.00565351236721 0.00232729492657 -0.00144320233307 -0.000426261397628 -0.00213568457841
332 3320 0 0.0 nan 0.113350251373 0.14505392895 0.0136169848871 0.0222853052153 0.00928569347667 0.00390982379223 0.00204334186382 -0.00157371417254 -0.000491292776168 -0.00236374824673
333 3330 0 0.0 nan 0.11203031768 0.116770748624 0.0201068834427 0.0253645679009 0.00985870850256 0.00293964581997 0.00213061058504 -0.00166847133383 1.03553735181e-05 -0.00235664224626
334 3340 0 0.0 nan 0.117478703472 0.138020787057 0.0256687180589 0.0265304615463 0.00726878130729 0.00246741356946 0.0020574048397 -0.00216930091329 -0.000447226738924 -0.00175072319469
335 3350 0 0.0 nan 0.11752337974 0.132973358534 0.0233272075024 0.0313511639846 0.00757265407866 0.00158869129457 0.00203133267016 -0.00158124898191 -0.00012240101017 -0.00141680748335
336 3360 0 0.0 nan 0.119830573734 0.168800724734 0.0236340542544 0.0258491737763 0.00888721759003 0.00166865813932 0.00120940379861 -0.00157407693089 -0.000122953924434 -0.00130330665688
337 3370 0 0.0 nan 0.120284936717 0.158180054875 0.0163807104951 0.01916191562 0.00855555688027 0.00206045788383 0.00113314160207 -0.000922134258148 -3.74078480454e-06 -0.00125657177564
338 3380 0 0.0 nan 0.127800860966 0.137578261209 0.0161844351958 0.0197846259659 0.00742524212697 0.00139558817509 0.00155627011292 -0.000914590051424 -0.000190353778751 -0.00121302626922
339 3390 0 0.0 nan 0.127256207057 0.148845035332 0.0106507724074 0.0162164846741 0.00496913921209 -0.000172015776465 0.00195826978881 -0.000502242423137 -0.000443385721407 -0.000798252700201
340 3400 0 0.0 nan 0.128531013671 0.131397251041 0.0114672496583 0.0170828787386 0.00501482290828 0.000187942496533 0.00142978743182 -0.000892938007993 -0.000520868484951 -0.000651733985814
341 3410 0 0.0 nan 0.123745129725 0.135804643253 0.00783741068614 0.0131961602823 0.00647642328285 0.000552739222004 0.000655797763294 -0.000391272603499 -0.000173612240272 -0.000785294086912
342 3420 0 0.0 nan 0.117301073176 0.128701402064 0.0149131436793 0.0158020584305 0.00898049860633 0.00103674466233 0.000574791979749 -0.000904530842338 -0.000302626992385 -0.000657336545812
343 3430 0 0.0 nan 0.124794999213 0.140392576512 0.0230281456974 0.0118581082948 0.00751707661685 0.000860290103463 0.000692187583894 -0.000511608008854 -0.00012655703562 -0.000416430163443
344 3440 0 0.0 nan 0.123548207226 0.114498414292 0.0221734629179 0.00669988798392 0.00635284376256 -0.00043948439987 0.000595088827743 -0.000650001508262 -0.000243341569197 -0.000818908964715
345 3450 0 0.0 nan 0.119027322414 0.0862100461587 0.0152754949025 0.0095689492425 0.00607232093618 0.00076130344799 0.000401478169923 -0.000207270065454 -0.00057678636951 -0.000645184911975
346 3460 0 0.0 nan 0.122273848793 0.0912498986067 0.0148136165852 0.00994350603901 0.00381684783801 1.29658706704e-05 0.000421876322208 -6.44366108103e-05 -0.00101311651286 -0.00011338423586
347 3470 0 0.0 nan 0.113979432844 0.0760836089754 0.0229023722048 0.00402137367899 0.00343932110854 0.00159668821686 0.00106572910305 -0.000651919910051 -0.000816679687503 -0.000456188528907
348 3480 0 0.0 nan 0.109572645704 0.0680806799853 0.022532881564 0.00549945541243 0.00244925661217 0.00159103998784 0.000417082150217 -0.000982292039731 -0.000594447375046 -0.000742039712794
349 3490 0 0.0 nan 0.116185948318 0.0553600356248 0.016986596641 0.00594463819913 0.00211831752377 0.00224986164988 2.49851789944e-05 -0.000783477865665 -0.0011401070365 -0.000572432251406
350 3500 0 0.0 nan 0.116894931743 0.0750702573787 0.00833149980098 0.00617636926666 0.00020508816048 0.000688661795641 -0.000503423035728 -0.000725869647239 -0.00138443598969 -0.000171899714144
351 3510 0 0.0 nan 0.12948661499 0.0615420113965 0.0234313748815 0.0108614405372 0.0023182779459 0.000486470953175 -0.000212635838669 -0.000116908232004 -0.00151531409127 -0.000437995045793
352 3520 0 0.0 nan 0.120908874225 0.0331788819332 0.0201923674136 0.00810121741748 0.0036932946216 0.000838188551454 0.000346137896376 0.000161540033234 -0.00126635500486 -0.00045861036214
353 3530 0 0.0 nan 0.118436132173 0.0352435291009 0.0158807905971 0.0070142833105 0.00168731726371 0.00189516242607 -0.000371695122669 -0.000203367947582 -0.00129044346889 -0.000730499056018
354 3540 0 0.0 nan 0.114162647021 0.0333101535411 0.0169942312943 0.00774534669043 0.00308502711945 0.00135103737224 -0.000627848737935 -0.000305084340665 -0.000968564486459 -0.000970837928473
355 3550 0 0.0 nan 0.116352624513 0.0390186453201 0.0107751279726 0.00751704383054 0.0025655109258 0.000822220539155 -0.000697456573666 -0.000273706036104 -0.000751796314961 -0.00073493046685
356 3560 0 0.0 nan 0.118858143373 0.0439741846189 0.0128701246788 0.00641109189525 0.00295549300444 0.00152621453179 -0.000718812821554 -0.000273846677339 -0.000651258212349 -0.00041171779255
357 3570 0 0.0 nan 0.120753300956 0.0429567547527 0.0130361400157 0.00723656684124 0.00300220079891 0.000949552376003 -0.000519128092667 -0.000346669722409 -0.000635165677697 -0.000789979049249
358 3580 0 0.0 nan 0.117424837714 0.024641088589 0.00748990433122 0.00761678120728 0.00265046694541 0.000939059483851 -0.000149190954903 -0.000398348633438 -0.000648138449817 -0.000709924955696
359 3590 0 0.0 nan 0.118019684735 0.0237821482921 0.00777522510711 0.00602905598867 0.00219938562796 0.00120633668348 -0.000327465279899 -3.8894434332e-05 -0.000513357178101 -0.000841495182833
360 3600 0 0.0 nan 0.119514415469 0.0196036666849 0.00823023507026 0.0049656091242 0.00235245143935 0.000967054296778 1.37719310965e-05 -0.000452092612955 -0.000572792797295 -0.000752866198167
361 3610 0 0.0 nan 0.119110218342 0.0173811035238 0.0107038218908 0.00418520516164 0.00288804910286 0.00070566600557 8.39604028514e-05 -0.000364087300018 -0.000717724734055 -0.000622004883155
362 3620 0 0.0 nan 0.116861093156 0.014808307327 0.00721822188309 0.00541019837273 0.00235533176791 0.000887291937845 0.000223281224792 -0.000173513878432 -0.000663372891199 -0.00046829688105
363 3630 0 0.0 nan 0.115559224759 0.00737841659587 0.00619662331631 0.005435333341 0.0035123508341 0.00142894683947 0.000226668765092 -0.000424773838293 -0.00054102469651 -0.000648274753785
364 3640 0 0.0 nan 0.114449602577 0.0145153647747 0.00473582059977 0.00440035074912 0.00339209522346 0.0019033070135 -0.000185656383513 -0.000318503424153 -0.000282734149331 -0.00066369017091
365 3650 0 0.0 nan 0.115144264767 0.0236514967306 0.00489215754919 0.00299233345043 0.00306575643891 0.00164773805368 -0.00015842717853 -0.000317327121712 -0.000232720529821 -0.000521966157597
366 3660 0 0.0 nan 0.115416771841 0.0286461058278 0.00554749946782 0.00243452876579 0.00266879352953 0.00126967200818 -6.62019506558e-05 -0.000349915171045 -0.000126086520351 -0.000570922946566
367 3670 0 0.0 nan 0.117517656039 0.0222021786322 0.00567749423401 0.00176607723696 0.0021544844928 0.00104157368133 -2.11570075492e-05 -0.000393758041514 -9.75263579415e-05 -0.000436477149445
