% # columns=["iteration, evaluation, sigma, void, void,  stds==sigma*sqrt(diag(C))", seed=126486, Wed May 08 17:23:41 2013
1 10 0.42943069559 0 0 0.425155654422 0.429111033141 0.426090777717 0.422871224511 0.426531256063 0.423693333364 0.428717553783 0.423174132453 0.423255207734 0.422646345042
2 20 0.414431384997 0 0 0.403009984587 0.413245174101 0.408839113888 0.401798881775 0.421341368327 0.408314448357 0.407183111642 0.406390537196 0.403156013373 0.414428307661
3 30 0.384919294548 0 0 0.369472204851 0.380325063054 0.372955219156 0.373307389991 0.386336972417 0.383572028567 0.371085441787 0.378147007755 0.371641865567 0.380909017363
4 40 0.382101438814 0 0 0.364195299665 0.379316154743 0.366560914528 0.37030268645 0.3799953512 0.39220804531 0.364747462426 0.370621778968 0.365407319616 0.37108963287
5 50 0.365312885216 0 0 0.343544632672 0.357350970063 0.344392458212 0.359649975954 0.357685601401 0.374630107082 0.346968965161 0.350113864763 0.348524147891 0.35069566077
6 60 0.356191158228 0 0 0.333910164386 0.343904011365 0.332911279635 0.361384972918 0.354749214226 0.363443323256 0.336026553525 0.337299961424 0.335677085548 0.335880080984
7 70 0.356188887999 0 0 0.328947537711 0.344074305137 0.329491715282 0.380074088158 0.352774281015 0.369675338578 0.330978560556 0.332680004206 0.330761486438 0.33148798431
8 80 0.331728856941 0 0 0.305712201016 0.323166535355 0.302851451643 0.355538185831 0.332130150989 0.340460123247 0.302875873073 0.308990536941 0.303659278428 0.303192475068
9 90 0.303358770105 0 0 0.277384589272 0.296229431123 0.272772321532 0.323237466934 0.303833170933 0.316506012516 0.277450539402 0.280994683897 0.272921406737 0.272072078024
10 100 0.263716858236 0 0 0.237792640407 0.253741670241 0.236152419166 0.282476557252 0.259826293442 0.275744651876 0.237394747481 0.241354799497 0.232781930051 0.232503127603
11 110 0.231525189868 0 0 0.206217354641 0.221443216224 0.205838708416 0.247645862923 0.224049389453 0.24069195447 0.205738205567 0.211510961501 0.201732105249 0.200548674051
12 120 0.207440117965 0 0 0.185745780869 0.195695935859 0.182719834688 0.219172892814 0.19783784924 0.212402147955 0.184683506693 0.18896081572 0.177558990344 0.176271312641
13 130 0.186362170543 0 0 0.164324387445 0.174234342965 0.162035055618 0.194584784168 0.17475472318 0.187903969092 0.165776795525 0.170416206269 0.157001029867 0.155611552024
14 140 0.18547430654 0 0 0.160478976216 0.175621514955 0.164885659046 0.192072370074 0.17277137713 0.186164132603 0.168091697273 0.170940193916 0.153254591964 0.151983826959
15 150 0.185873044023 0 0 0.158057092665 0.175360280502 0.17159276236 0.19116278606 0.173021064761 0.184744143364 0.166332405498 0.169499585099 0.151548566033 0.149708853603
16 160 0.174518735029 0 0 0.145912225832 0.166473047344 0.159899596352 0.178972513988 0.160927180527 0.170958675196 0.154077993271 0.157600391739 0.139870911091 0.138252997942
17 170 0.157441151154 0 0 0.130587118313 0.149678399247 0.146500108655 0.158659839983 0.144521855855 0.153076711216 0.138968372381 0.139891754242 0.124182993354 0.122865040667
18 180 0.13835489618 0 0 0.113761288455 0.12958255733 0.127090128025 0.137694565383 0.126238327494 0.133403768616 0.120738508641 0.120698286697 0.107133213886 0.105936906018
19 190 0.132817550654 0 0 0.110416936196 0.123231868024 0.120051257371 0.132182506126 0.121284057481 0.126999712121 0.11525881245 0.114261691395 0.102166992455 0.100544541331
20 200 0.131045438713 0 0 0.111794630319 0.120849412293 0.118182023573 0.130955230352 0.121333195381 0.123345832716 0.112396165316 0.110712651943 0.0992963542177 0.0974755194834
21 210 0.117810767523 0 0 0.101790635496 0.106760641959 0.105265115605 0.11664397834 0.108314328258 0.112253931933 0.100259128983 0.0978385312713 0.088955462169 0.0860885986988
22 220 0.113533644429 0 0 0.0982564400877 0.102332477781 0.101226464497 0.113876739462 0.10280391027 0.108865789903 0.0967896281504 0.0928795734443 0.0846623633119 0.081942149857
23 230 0.104409724849 0 0 0.0890439768511 0.0929471770128 0.0928800246418 0.103508249954 0.0933255273586 0.0995845834279 0.0878844765548 0.0843226663356 0.0767018229388 0.0747107732669
24 240 0.0949425454927 0 0 0.0803942866814 0.0841850582379 0.0841222303554 0.0935643716933 0.0843123047951 0.0900751884167 0.0802326713935 0.0759431791067 0.0683852370201 0.0668022769904
25 250 0.0880706410153 0 0 0.0736395473012 0.0782557933416 0.0775475874097 0.0865809770248 0.0775760785582 0.086567821797 0.0742431105019 0.0697381411921 0.0623413595201 0.061038706432
26 260 0.0853945157038 0 0 0.0707994346619 0.0773437209573 0.0740095779749 0.0828227684147 0.0755715938687 0.0832169591068 0.0722701336459 0.0666577214608 0.0594123702075 0.0581256853596
27 270 0.0835168632158 0 0 0.0708803838338 0.0753697762619 0.0714536366476 0.0803709718167 0.0745036093681 0.0816502234383 0.0696762736533 0.0642380595626 0.0571572451397 0.0565541371134
28 280 0.0847919143848 0 0 0.071315366867 0.076058496411 0.073892091402 0.0812306116645 0.0750389506782 0.0825000829619 0.0715492093575 0.0643758907168 0.0577416164842 0.0565029014314
29 290 0.0848673941189 0 0 0.0706162062588 0.0754575977739 0.0734666860698 0.0807581588915 0.0751513019422 0.082866196476 0.0742043693347 0.0633429988659 0.0568326120059 0.0556354656971
30 300 0.0840401979673 0 0 0.0697829217247 0.0753083201636 0.0715450374801 0.0788682345401 0.073524404646 0.0808381167635 0.0744531809847 0.0624603433001 0.0553164329676 0.0540527501321
31 310 0.0843259548891 0 0 0.0691190719183 0.0768120848436 0.0725659926249 0.0785798392288 0.0730852721963 0.079734928821 0.0747790672628 0.0619027370301 0.0546604801722 0.0535461515452
32 320 0.0856394066212 0 0 0.0691551397037 0.0799917201029 0.0735968561243 0.0831890291738 0.0735501441224 0.0798514134743 0.0757154751809 0.0618625591353 0.0545065263485 0.0535431935457
33 330 0.0831465109959 0 0 0.0694206956565 0.0771738530315 0.070300300041 0.081888225539 0.070497265592 0.0780885874442 0.0729865402202 0.0592673700665 0.0522387612956 0.0509958482985
34 340 0.0859482372904 0 0 0.0744051531706 0.0786766030988 0.0721415092283 0.0846832755603 0.0720091737907 0.0820710327915 0.0747726130875 0.0606955789518 0.0532145495023 0.0519875534861
35 350 0.084896421037 0 0 0.0744853386409 0.076742085026 0.072538894079 0.0826855033498 0.0700741045071 0.0799647672047 0.0731067798381 0.0590070899878 0.0515672758054 0.0505387381119
36 360 0.0813052137132 0 0 0.0723812545041 0.0725145273397 0.0702183744606 0.0783683580484 0.0669693332361 0.0758641551059 0.0705732204593 0.0557635593691 0.0486811479844 0.0476537735101
37 370 0.0785362230569 0 0 0.0705664396606 0.0690437273339 0.068552276725 0.0743456898906 0.0637961168737 0.0726318032162 0.068511000507 0.0530428584528 0.0462043849654 0.0452133387591
38 380 0.0762287427266 0 0 0.0675236642718 0.0658917787144 0.0664317306574 0.0728875076252 0.0622160497479 0.0725247328529 0.0657912996641 0.0527847880181 0.0441365231427 0.0431246557562
39 390 0.0785649341581 0 0 0.0694246520267 0.0679612787873 0.0674355044803 0.0777427202226 0.0634900644006 0.0751604021199 0.0689747738016 0.0540020812693 0.0446734150732 0.0437538838879
40 400 0.0745306649409 0 0 0.0648500304334 0.0644898094338 0.0634082737799 0.0731535404017 0.059933856238 0.0711340390524 0.0654360113269 0.0517088259047 0.0418067565002 0.040877184995
41 410 0.0684942620706 0 0 0.0594068288344 0.0593171860925 0.0575174207041 0.0673557595001 0.0552445180288 0.0647551655945 0.0594687780602 0.0467594594962 0.0382089264805 0.036972658897
42 420 0.065921892503 0 0 0.056252769556 0.0569847437331 0.0556196123947 0.0639430036107 0.0537605036767 0.0614111865887 0.0564780578149 0.0448271660702 0.0363068266286 0.034932433586
43 430 0.0593380196236 0 0 0.0496868935674 0.0514519757535 0.0499310355411 0.057239869617 0.0482463674937 0.0559589998507 0.0503976083524 0.0397811261234 0.0323720959929 0.0312145236902
44 440 0.054310360072 0 0 0.0447573718905 0.0463714101542 0.0459342847112 0.0524293620063 0.0435702771413 0.0514213926084 0.0453921632892 0.0362869258672 0.0291831578083 0.0281686339651
45 450 0.0508917716732 0 0 0.0415045416178 0.0428545787503 0.0424136977717 0.04921892987 0.0415301960874 0.0481824206416 0.0420215113211 0.0334161137318 0.0270800549079 0.0259782014334
46 460 0.0533129461042 0 0 0.0433739602516 0.044676552843 0.0441010775491 0.051509600154 0.0432824254785 0.0520335456984 0.0434555752781 0.0355856530635 0.0281179159219 0.0268366517702
47 470 0.0515841003963 0 0 0.0430192679339 0.0433228200837 0.0421339495572 0.0494408191004 0.0418056614639 0.0505068931839 0.0419006366201 0.0339633726758 0.0268858901206 0.0255171625997
48 480 0.0499526142669 0 0 0.0410103345409 0.0414496064633 0.0403700953099 0.0484091368937 0.0404185042456 0.0492536224343 0.0400318188941 0.0324161690608 0.0257437470377 0.0243668911256
49 490 0.0479326561874 0 0 0.0387718971477 0.0393249071264 0.03815488804 0.0458404933334 0.0391307085863 0.0466140297575 0.0380646057592 0.0318304175157 0.0243655884145 0.0230952730435
50 500 0.0464006383998 0 0 0.03700482646 0.0376762998934 0.0362609592498 0.0451494936239 0.0374805466557 0.0463374732964 0.0363776331691 0.030682612374 0.0233792271968 0.0223209807894
51 510 0.0484595347299 0 0 0.0396358106318 0.0387727846415 0.0373500196288 0.0466417873581 0.0385682780259 0.052406836044 0.0374781064414 0.0316637324115 0.024224863947 0.0228974579113
52 520 0.0473576992849 0 0 0.0382812244275 0.0387743392511 0.0359274135892 0.0448423673924 0.0373272004023 0.0523553660619 0.0361668665127 0.0306221915157 0.0232568719998 0.0220525028576
53 530 0.0476895991908 0 0 0.0383298935926 0.0392107133025 0.0360589853575 0.0450740978266 0.0371143353819 0.0534838014648 0.0358575507263 0.0306809766369 0.0230866029258 0.0219443276703
54 540 0.0485693641409 0 0 0.0383682179618 0.0395046813223 0.0367709342696 0.0450787600089 0.0375401030768 0.0555755025118 0.0358232919087 0.0315972799202 0.0235115337875 0.0219290431848
55 550 0.0494641436883 0 0 0.0391263821649 0.0399529719307 0.0369272658514 0.046779650721 0.0376168428683 0.0587723798292 0.0359378540919 0.0319670057054 0.0236793244794 0.0219663248541
56 560 0.0485827878083 0 0 0.0385576118267 0.0392325600875 0.0356757910754 0.0452941634956 0.0371062358635 0.0593543894839 0.0348846700327 0.0309593139576 0.0228917114093 0.0214079998721
57 570 0.0476074546208 0 0 0.0372232229266 0.0383848915846 0.0344235688112 0.0441902230128 0.0359729047932 0.0591569651209 0.033684552275 0.0299470147172 0.022030196032 0.0206158219729
58 580 0.0451947207176 0 0 0.0358008215259 0.0360355656898 0.0330379009589 0.04200227298 0.0340845023901 0.0557181422103 0.0314852861509 0.0278917971726 0.0205726487773 0.0192371784372
59 590 0.0468802069746 0 0 0.0368168324008 0.0382043785702 0.036415620793 0.0433462743466 0.0348828746428 0.0575123284416 0.0324963221672 0.0285971356772 0.0210660235493 0.0196498178312
60 600 0.0430827482322 0 0 0.0331976817185 0.0346594340895 0.0335283732199 0.0394167091418 0.0315108349137 0.0519063856755 0.0295482459151 0.0261733751615 0.01910305735 0.0177455675279
61 610 0.0377864781556 0 0 0.0286265226825 0.0302675413797 0.0293839155873 0.0342907808086 0.0274315814659 0.0451555199667 0.0254969386378 0.0225223955644 0.0164668090834 0.0153101312732
62 620 0.0379684250808 0 0 0.029066491059 0.0306517392174 0.0299735595202 0.0352315771393 0.0278325086927 0.0469766935105 0.0256233898074 0.0223745950729 0.0164130511014 0.0151423266482
63 630 0.0378010653653 0 0 0.028741471324 0.0312057702193 0.0297895977808 0.0347569031579 0.0276515189218 0.0478229690398 0.0256772449015 0.0219388413576 0.0161165968941 0.0149348837213
64 640 0.037949118424 0 0 0.0291424762256 0.0319004220032 0.0298708627726 0.0346436360533 0.0277904358851 0.0486800841585 0.0254569971356 0.0216602201574 0.0159982092797 0.0147579917021
65 650 0.0380197503484 0 0 0.0300908811699 0.032559840076 0.0295215722725 0.0345376686132 0.027567416185 0.0491425154573 0.0254131099492 0.0215167447884 0.0157401761402 0.0145322298574
66 660 0.0379762054615 0 0 0.0309540935048 0.0332772043104 0.0292104963209 0.0347404009806 0.0270856635656 0.0487845776424 0.0260466474366 0.021258455424 0.0154304048116 0.0142594950217
67 670 0.0357349915972 0 0 0.0290574502597 0.0315024643355 0.0271775128812 0.0324214326462 0.0252443430534 0.0453360440164 0.0244424057085 0.0197138713065 0.0143513534893 0.013183125579
68 680 0.031565459614 0 0 0.0253531999368 0.0275480091284 0.0240832851952 0.0284085660784 0.0221353670045 0.0402917420791 0.0212235629672 0.017082197422 0.0125189678192 0.0114879791734
69 690 0.0301758845768 0 0 0.0248512340218 0.0259740201989 0.0231574070207 0.0267737898269 0.021005521771 0.0387084033128 0.0202561386087 0.0160845320911 0.0117886011932 0.0108235990132
70 700 0.0288104232779 0 0 0.0237497599856 0.0248149166201 0.0222040172572 0.025478119676 0.020670940666 0.0369302438699 0.0190984168513 0.0150806461737 0.0110499274836 0.0102082332946
71 710 0.0297203433332 0 0 0.0249996760089 0.0254435151967 0.0227300115702 0.027440637987 0.0215143752428 0.0383164645874 0.0194917976531 0.0153007290742 0.0111951464952 0.0103571928482
72 720 0.0289714956423 0 0 0.0241729834024 0.0244308407057 0.0222906736324 0.026795493943 0.0206861063944 0.0372306651775 0.0187746199023 0.0147215826131 0.0108398673058 0.00992515009582
73 730 0.0290361495999 0 0 0.0240595576667 0.024210679734 0.022129032331 0.0272220105285 0.0204619901054 0.0367564201556 0.0184932292098 0.0147622159275 0.010993617235 0.00976033364568
74 740 0.0285918442188 0 0 0.0235511639897 0.0235036453866 0.0219785676561 0.0265401595873 0.0207901859932 0.0357532691847 0.0178610012243 0.0143172366363 0.0110674849359 0.00948737758675
75 750 0.0269081361695 0 0 0.0218279140396 0.0220945163853 0.020703547609 0.0250363934614 0.0197213697369 0.0331707998914 0.0165076256454 0.0133307392015 0.0102457297757 0.00876564466538
76 760 0.0262316018972 0 0 0.0213032819525 0.0213036127227 0.0206684591905 0.0240336521669 0.0194254645371 0.0320003337863 0.0158171302521 0.0127711980813 0.00984535377599 0.00842986210316
77 770 0.0271911817021 0 0 0.0230499658475 0.0219998527379 0.0213339217962 0.0249424886688 0.0199463283206 0.032684661871 0.0162480668297 0.013052002887 0.0100687936393 0.00860513922871
78 780 0.0271432403009 0 0 0.0236752486103 0.0216472212609 0.0212990831037 0.0245090893914 0.0199817478958 0.0322182133674 0.0161596973742 0.0128025643643 0.00986400698195 0.00846010061877
79 790 0.0262888683533 0 0 0.0227880173124 0.0209169454187 0.0208927724563 0.0233647141801 0.0191635339617 0.0312735802588 0.0155819172918 0.0121765636565 0.00939500401268 0.00806535100398
80 800 0.0253723673987 0 0 0.0219833981931 0.0201190460069 0.0199174079386 0.0221895811556 0.0186209487733 0.0301292914417 0.014916656791 0.01173065454 0.00894255209172 0.00766579880758
81 810 0.0234822492099 0 0 0.0205444524891 0.0184273649701 0.018165846437 0.0201735338446 0.0170623456222 0.0276616161784 0.0136953876386 0.0106969495317 0.00820561866143 0.0069960601923
82 820 0.0208836537956 0 0 0.0180009103077 0.0161872503345 0.0160515378854 0.0182817502322 0.0149374125772 0.0241592374469 0.0120710041703 0.0094242109054 0.00722807660093 0.00616639147754
83 830 0.0208092897801 0 0 0.0186721107355 0.0161720778003 0.0157040264998 0.0185948065238 0.0151234423837 0.0237965738393 0.0118994767261 0.00927751685144 0.00708914355362 0.00608201868917
84 840 0.0203068458136 0 0 0.0180699661055 0.0156014790015 0.0155012138295 0.018138908077 0.0148242993298 0.0231657643346 0.0115056194462 0.00909765447975 0.00685351596635 0.00586334887186
85 850 0.0190298468184 0 0 0.0169117802175 0.014409015405 0.0145437381276 0.0168657944986 0.0137142866689 0.0216080744833 0.0106939929241 0.00846464809561 0.00631024960159 0.00547367231709
86 860 0.0180514791147 0 0 0.0158016751548 0.0135237713932 0.0139557173507 0.0160440500097 0.0128678458883 0.0202241399402 0.00998946436497 0.0079322244216 0.00590972481086 0.00517967470509
87 870 0.0165245684108 0 0 0.0143938462839 0.0122385618105 0.0127610314157 0.0146866555955 0.0117340148555 0.0183163890286 0.0091426657567 0.00718753926176 0.00531258853987 0.00466246650952
88 880 0.0154892689161 0 0 0.0132807644441 0.011268885983 0.0122492695303 0.0136275175803 0.0108452179427 0.0170543897031 0.00847323695113 0.00661777986707 0.0048981714937 0.00433814855455
89 890 0.0144797596114 0 0 0.0123322931272 0.0104711080003 0.0115759024166 0.0127330743788 0.0101223608053 0.0158111995472 0.00782679459309 0.0060785004831 0.0045113105795 0.0040058191527
90 900 0.0135671676473 0 0 0.0114495727456 0.00974015478684 0.0109872499087 0.0119319947137 0.00942924386574 0.0148258724627 0.00724115785675 0.0056472744599 0.0042262773727 0.00371226175763
91 910 0.0128318693119 0 0 0.0106262143829 0.00907461204594 0.0105938001575 0.0113908103975 0.00881343395333 0.0138095761144 0.00675064928448 0.00526897558701 0.00394077901839 0.0034589116571
92 920 0.0126318944994 0 0 0.0103211199912 0.00880319360312 0.0103397654902 0.0113681917487 0.00898137874875 0.0134027438744 0.00660746837553 0.00512830722749 0.00381072753625 0.00336127146164
93 930 0.012583080494 0 0 0.0102219087832 0.0091448593022 0.0102109792831 0.0112535214012 0.00887716833719 0.0131197724523 0.00681303484301 0.00503417587259 0.0037368772887 0.00329863371296
94 940 0.012948582368 0 0 0.0103787979524 0.00944102456388 0.0103234881121 0.0114261485783 0.00958076136604 0.0137087598838 0.00703466930075 0.00511312269375 0.00377550448131 0.00339791279869
95 950 0.0129481705605 0 0 0.0102168581799 0.00958888800025 0.0102575461284 0.011310144421 0.00981590136751 0.0135683741039 0.00714660917793 0.00513288703548 0.00370704998826 0.00334862989217
96 960 0.012548343908 0 0 0.00979047732995 0.00938688890821 0.0101546396424 0.0108207541243 0.00951823868243 0.0131217765406 0.00688116213034 0.00491129616519 0.00353782957419 0.00319288772225
97 970 0.0119487631348 0 0 0.00918450787809 0.00882524900426 0.00963573961129 0.0101660550953 0.0090919754676 0.0124194752442 0.00646954117752 0.00459092353811 0.00333176859335 0.0029888010205
98 980 0.0122251368807 0 0 0.00948427896774 0.00893657338389 0.0100713279748 0.0102744755632 0.00946037742703 0.0126651294532 0.00663584826765 0.0046313771917 0.00336675471501 0.00302222309677
99 990 0.0123221758881 0 0 0.00943928260958 0.00890030351092 0.0105520867496 0.0104042332602 0.00957140286614 0.0125376734159 0.00661447104468 0.00462933011673 0.00334152821502 0.00300006809865
100 1000 0.0115484751193 0 0 0.0087388300682 0.00821282594726 0.00984282877058 0.00961739723205 0.00892289602295 0.011613749718 0.00614718344161 0.00429173266542 0.00310846521924 0.002805006342
101 1010 0.0108032222989 0 0 0.00823556596117 0.00759915443413 0.00922909964139 0.00899076962256 0.00836692669258 0.0107066035535 0.00566149302235 0.0039804817029 0.00286173179483 0.00259605921244
102 1020 0.0105864180468 0 0 0.00816673205491 0.00730786312167 0.0091951296256 0.00882830221841 0.00807959063857 0.0103473545784 0.00544873139543 0.00390735041098 0.00276543200618 0.00251065879062
103 1030 0.00979131936379 0 0 0.00745230160167 0.00671799224655 0.00843199709181 0.00821993707981 0.00740177472302 0.00958422780607 0.00495818544248 0.00359499866615 0.00254306259613 0.00230812041833
104 1040 0.00973101468137 0 0 0.00732609683744 0.00662938231685 0.00826432618819 0.00816766988884 0.00732143925732 0.00939439308435 0.00490585364339 0.00364409230649 0.00249012817197 0.00225817882708
105 1050 0.00945700641401 0 0 0.00704275855725 0.00639478749643 0.00794289279231 0.00813088750042 0.00711276617753 0.00899944396659 0.00474389461304 0.0035160748617 0.00237314177882 0.00216608841754
106 1060 0.00969873133834 0 0 0.00720971108166 0.00663124826422 0.00810189062614 0.00861194744451 0.00729368914671 0.00907155669736 0.00479275224546 0.00358178054634 0.00241180971412 0.00219807244751
107 1070 0.0105928663667 0 0 0.00782939981919 0.00752188742709 0.00891637745382 0.00955690716939 0.00847301499455 0.00977859314103 0.00515308151835 0.00395410665688 0.00263495485069 0.00236540726216
108 1080 0.0115834512633 0 0 0.00845496261932 0.00815973422344 0.00960786864796 0.0105762412489 0.00954736936237 0.0115521239061 0.00555839517861 0.00428531069179 0.00285178057785 0.00257201438381
109 1090 0.0115100664984 0 0 0.00842373686964 0.00805526167322 0.00963056682525 0.0104624083702 0.00972259303849 0.0114709622923 0.00545184022592 0.00424905410316 0.00279963516212 0.0025314149995
110 1100 0.0113653272446 0 0 0.00829005095428 0.00790003361352 0.00943117536938 0.0102529449268 0.00995683109715 0.0113734944636 0.00530076450248 0.00413180201899 0.00271460964486 0.00246625008384
111 1110 0.0114769382216 0 0 0.00828990868605 0.0079101414547 0.0093415816758 0.0105981323036 0.0101474803577 0.0114037677235 0.00527615612423 0.00412633929621 0.00271118242357 0.00244851405939
112 1120 0.0129509309425 0 0 0.0101744057172 0.00918080767424 0.0108124717228 0.0122177275637 0.0114788718774 0.0126968090983 0.00592183148004 0.00456927721738 0.00302235835363 0.00271984260874
113 1130 0.014446792187 0 0 0.0122368603212 0.0101963604532 0.0120348733519 0.0140700553112 0.012994554541 0.0140459524323 0.0065231802063 0.00506671945294 0.00333307405885 0.00300485029715
114 1140 0.0142031569901 0 0 0.0120774526899 0.00998406951919 0.0117633093161 0.0137508873478 0.012594702897 0.0135906989356 0.00631391760995 0.00493012931077 0.00322209054521 0.00290537241805
115 1150 0.0144802324987 0 0 0.012493629762 0.0101596076664 0.0123707315686 0.0138443690503 0.0127526592091 0.0138822283304 0.00638680625516 0.00494639705973 0.00324029756913 0.00295304777897
116 1160 0.0150716730269 0 0 0.0131107025416 0.0104874920457 0.0127518454174 0.0152498450582 0.0135162616644 0.014234589131 0.00657016892244 0.00508789060566 0.003324148245 0.00307172234398
117 1170 0.0154089691369 0 0 0.0133500750991 0.0105420465366 0.0130691705456 0.0159172388231 0.014031859897 0.0144126449856 0.0065915532118 0.00510801022462 0.00336172936415 0.00308654364047
118 1180 0.0142229619653 0 0 0.0122751130898 0.00966684469842 0.0119533869173 0.0146148091241 0.0127997658044 0.0132019453009 0.00601353528327 0.00469053087342 0.0030758235074 0.00280795932857
119 1190 0.0130593975154 0 0 0.0112176180465 0.00883146431313 0.0108631031595 0.0131833260522 0.011587609796 0.0120437886813 0.00549145088904 0.0042606191769 0.00277887385539 0.00253569323123
120 1200 0.0127081454544 0 0 0.0109848127317 0.00855398412955 0.0104954021509 0.0131054710102 0.0110963664912 0.0117971090985 0.00524416271234 0.00407574158007 0.00266731085036 0.00242935849251
121 1210 0.0129762951696 0 0 0.0113173244188 0.00866671831969 0.0110209215925 0.0137908104056 0.011904776549 0.0118736293814 0.00528335196637 0.00414062576443 0.00269237862454 0.00243768976531
122 1220 0.0137988044315 0 0 0.0123605121962 0.00918800427935 0.0117277173458 0.0154468420131 0.0134480188004 0.0125330041111 0.00556386434336 0.00433271947632 0.0028663008723 0.00254581963809
123 1230 0.013691220815 0 0 0.0126066890868 0.0090110959932 0.0116877513428 0.0154666012346 0.0133074026077 0.012245181729 0.0055821678285 0.00423782849716 0.00280912097942 0.00250835022961
124 1240 0.0127884414411 0 0 0.0118858886385 0.00830560402668 0.0111642791817 0.0144497962047 0.0124067990928 0.011244643916 0.00515446080491 0.00388874254304 0.00259313213965 0.00233466359576
125 1250 0.0119598996202 0 0 0.0110011758487 0.00775477768852 0.0103543279571 0.0136062336534 0.0114768104015 0.010419596545 0.0047414868219 0.00357188884186 0.0023876914946 0.00216139110721
126 1260 0.0114515491763 0 0 0.0103992066287 0.00735472711356 0.00978832652278 0.0131099023941 0.0108068721985 0.00981816669963 0.00448607878938 0.003366787654 0.00228598157855 0.00203492492997
127 1270 0.0115446593293 0 0 0.0104369602545 0.00738641321839 0.00974934410374 0.0140140399557 0.011382230303 0.00976536047688 0.00448307429449 0.00336680416935 0.00230252955648 0.00202366706112
128 1280 0.0118051629345 0 0 0.0105544386925 0.00743184434296 0.00995257157819 0.0148464716421 0.011588734243 0.010015867909 0.00452240710014 0.00340027553742 0.00232085757914 0.00209050109277
129 1290 0.0128310020882 0 0 0.0121210480295 0.0083602727855 0.0108605225377 0.0167079183504 0.0124840971932 0.0109085333297 0.0051148333856 0.00367753948115 0.00251763784518 0.0022582982216
130 1300 0.014446664171 0 0 0.0140393455916 0.00979738307758 0.0133990708071 0.01917321262 0.0138567851601 0.0122265590814 0.0057446617901 0.00412521511336 0.00279117886904 0.00251252549812
131 1310 0.016061067942 0 0 0.0162482799343 0.0108175667481 0.0149897831075 0.022240027699 0.0152439931516 0.0135635741584 0.0066872627479 0.00451795864317 0.00304655322758 0.00275677012475
132 1320 0.0166616931529 0 0 0.0172748656281 0.0110549963391 0.015351039602 0.0241531054365 0.0157610944544 0.013924698769 0.00688242342543 0.00462774852688 0.00312498101429 0.00281744334935
133 1330 0.0166361820335 0 0 0.0174878234267 0.0109787802063 0.0151112178201 0.0245589231473 0.0155672595629 0.0137423738989 0.00679842487463 0.00460794321272 0.0031196830497 0.0027662882873
134 1340 0.0167824334175 0 0 0.017628208546 0.0111245384891 0.0151112900934 0.0252172956486 0.0154428840306 0.0136446238247 0.00674360391925 0.00462731484383 0.00312346858654 0.00274716600927
135 1350 0.0178373126691 0 0 0.0183737026314 0.0116770960083 0.0158371640614 0.0279017503272 0.0161717074949 0.0143214602865 0.007093144942 0.00483655911397 0.00330789569229 0.00288113547122
136 1360 0.0181740978846 0 0 0.018422980182 0.0116955447626 0.0160580929145 0.0285474017979 0.0162214226948 0.014440677444 0.00714646118083 0.00490510107862 0.00335116419815 0.00291761718321
137 1370 0.0179022208315 0 0 0.0179361413888 0.0114919775378 0.0155945566733 0.0288926752194 0.0157373320017 0.014065070469 0.00693424998898 0.00475469767051 0.00325221093148 0.00283276478034
138 1380 0.0210175913433 0 0 0.020918275246 0.0136412724112 0.0183163481757 0.0356942958855 0.0182763727336 0.0163375000118 0.00808122421548 0.0055059125902 0.00376281263764 0.00328189409945
139 1390 0.0235496812127 0 0 0.0231395085452 0.0150533933147 0.0204794533792 0.039639237924 0.0202503519086 0.0180712829848 0.00897466749969 0.00612705052605 0.00414702733374 0.00360774810392
140 1400 0.0255340812206 0 0 0.0254545915552 0.0167135225525 0.0223951400349 0.0425951857081 0.0218937643655 0.0194036714009 0.00959034653853 0.00655144427138 0.00445684037592 0.00386712685782
141 1410 0.0235153568553 0 0 0.0232349290767 0.0152742837295 0.0204989142572 0.038854970893 0.0198327724834 0.0178567699584 0.00869667256608 0.00593522436265 0.00404719706768 0.0035184615361
142 1420 0.0219672570851 0 0 0.0220821538318 0.0141547548212 0.0194437584026 0.036302985925 0.0184848951472 0.0166272388862 0.00802223042051 0.00548930413601 0.00371068423746 0.00324208786095
143 1430 0.0201243657086 0 0 0.0198989132208 0.0129045374554 0.0175667301231 0.0328464806646 0.0168057371562 0.0150098033706 0.00732949462562 0.00496597180892 0.00334295900974 0.00292207936913
144 1440 0.0173641607528 0 0 0.0170353978391 0.0110239531119 0.0149432772648 0.0280281836599 0.0144833862414 0.0128889662298 0.00627731229874 0.00424161979126 0.00284222680243 0.00248014147699
145 1450 0.0155157509218 0 0 0.0149993168538 0.0097618439682 0.0132078861545 0.0247951343045 0.0127412268546 0.0112983663377 0.00553206066058 0.00373262122719 0.0024993356461 0.00217703279305
146 1460 0.0135904099731 0 0 0.0130153510644 0.00846097529065 0.0115278578918 0.0213883880017 0.0109893147093 0.00983622674896 0.00478799681171 0.00321798427406 0.00214766316903 0.00187549177432
147 1470 0.0134510128959 0 0 0.0131573986787 0.00827993568387 0.0112716225681 0.0208598350411 0.0111601278409 0.00960776598939 0.00472175693277 0.00315862716779 0.00208566430192 0.00184837426495
148 1480 0.01299956805 0 0 0.0126081943004 0.0078829269086 0.0107684100186 0.0202697847191 0.0106477824459 0.00912143565379 0.00452006980317 0.00300715438292 0.00198300497757 0.00176127177065
149 1490 0.0132700934709 0 0 0.0130038789693 0.007965665696 0.0109693290291 0.0215961348407 0.0109929221982 0.00924041885185 0.00453867541887 0.00301572258961 0.00201013294087 0.00183211946746
150 1500 0.0130996354599 0 0 0.012789209942 0.00774226187902 0.0108420752205 0.0214441943176 0.0107266062353 0.00903952849461 0.00452414912739 0.0029986598815 0.00196679012597 0.0017951736637
151 1510 0.0130378580839 0 0 0.0127490308987 0.0077644629469 0.0106305813437 0.0213188968506 0.0105655626981 0.00908525657767 0.00442639375058 0.0029354889799 0.00195864224068 0.00176138565415
152 1520 0.0123724650576 0 0 0.0124542184123 0.00736277548021 0.0101276131017 0.0201827165647 0.00989458646372 0.00852527222991 0.00415903071289 0.00275426205123 0.00183160492259 0.00165030144945
153 1530 0.0115678031091 0 0 0.0117083595792 0.00679350356362 0.00946689599385 0.0190313825496 0.00943041268894 0.00794901225334 0.00383144022736 0.00256562938892 0.0017139970894 0.00155633913879
154 1540 0.01162895109 0 0 0.0116006142909 0.00680787124084 0.00950116811763 0.019378837194 0.00943627702144 0.00789330327758 0.00378052115905 0.00255919908497 0.00172782356907 0.00154299151625
155 1550 0.0131983201468 0 0 0.0131003846294 0.00795960535258 0.0110618875411 0.023279609892 0.010766957153 0.00881052482341 0.00421403196686 0.00287268482951 0.00193008436416 0.00172324874302
156 1560 0.0148803123961 0 0 0.014845503431 0.00916214608849 0.0127316247125 0.027501792156 0.0119815613497 0.00982400693016 0.00468194848418 0.00318883709322 0.00214616750519 0.00191206312252
157 1570 0.0152082525874 0 0 0.0150710025684 0.00933456358883 0.0131141770593 0.0286923559911 0.0121102004698 0.00985976371562 0.00471524383679 0.00326649041683 0.00218488088197 0.00191897745438
158 1580 0.0167265378402 0 0 0.0163026434763 0.0105139394042 0.0153549115688 0.032679228432 0.0131544794327 0.0106466537917 0.00511176377958 0.00356334955469 0.00238119851015 0.00208776185241
159 1590 0.017021497119 0 0 0.0163409124799 0.0106691197644 0.0158020428734 0.0332104546605 0.0132198356757 0.0106684221492 0.00517473532771 0.00363096977262 0.00238779506987 0.00209037204164
160 1600 0.0170401069338 0 0 0.0163556415168 0.0109816592013 0.0161430060758 0.0334260732929 0.0130302739811 0.0106346597688 0.00515882134086 0.00356922090764 0.00237245087336 0.00206452424139
161 1610 0.0162969802017 0 0 0.0154308575839 0.0104855674821 0.0153065587474 0.031657212169 0.0123720156748 0.010082359962 0.00493654464998 0.00343097024366 0.00225037038052 0.00194480538295
162 1620 0.0153230370235 0 0 0.014329777448 0.00970840141594 0.0142132458665 0.0297319315291 0.0116407210325 0.00939342989219 0.00460159830491 0.00318930049353 0.00208558757908 0.0017989553794
163 1630 0.0135999233437 0 0 0.0125580421447 0.00848734620002 0.0124049800566 0.0261776080462 0.0101777544551 0.0081997661976 0.0040628908778 0.00278977777891 0.00181797455221 0.00157354183205
164 1640 0.0139329022171 0 0 0.0127880210286 0.00889875001084 0.0131999097157 0.0285176006101 0.0102728851778 0.00824539529505 0.00409906844397 0.00284515087754 0.0018300395525 0.00163887719421
165 1650 0.0148591250871 0 0 0.0135156323095 0.00960482209806 0.0149527777281 0.0315350893069 0.0108076997942 0.00863405014655 0.00429145545032 0.00301054516868 0.00192241073791 0.00172712405268
166 1660 0.014653043459 0 0 0.0131827210971 0.00955430299596 0.0148141445246 0.0310378807634 0.0105200539196 0.00842612713842 0.00426975700033 0.00293454563773 0.00186218656467 0.00170457748024
167 1670 0.0154851187067 0 0 0.0140047059403 0.010610340616 0.0164450199237 0.0337070985896 0.0109518107889 0.00881772009459 0.00460958852947 0.00304427263974 0.00193056331574 0.00177023261789
168 1680 0.0154030918962 0 0 0.0137596869052 0.0107897749201 0.0166988345957 0.0334533632849 0.0107870748755 0.00865890228284 0.00453703801348 0.0029982199265 0.00190249314102 0.00173485616844
169 1690 0.0144741420257 0 0 0.0131093398873 0.0100829503545 0.0156997797923 0.0316039795209 0.0100140412175 0.00802572922078 0.00419358288718 0.00279636849795 0.00176278245133 0.00162268508811
170 1700 0.0136488209049 0 0 0.0125653768773 0.00941871520936 0.0147796297651 0.0295004392196 0.00932276362885 0.0074509104292 0.00390908950588 0.00259741204072 0.00164748444496 0.00154523284655
171 1710 0.0125027328983 0 0 0.0114564886224 0.00886970605513 0.0136413100339 0.0266868791295 0.0084091797264 0.00680130552966 0.00352836444275 0.00234847588955 0.00150172009302 0.00139131447091
172 1720 0.0114838932594 0 0 0.0104571593517 0.00804539523427 0.0124533659189 0.0242141849374 0.00783545407732 0.0061569343639 0.00319069131718 0.00213879683245 0.0013617541723 0.00125733689718
173 1730 0.0106442510344 0 0 0.00963134740812 0.00736335135109 0.0113998420879 0.0222847699169 0.00729228853839 0.00562962014491 0.00292696865011 0.00194582201345 0.00124414800201 0.00116667458447
174 1740 0.00984498753327 0 0 0.00882577051788 0.0067444784714 0.0104510186699 0.0204938598308 0.00670246959545 0.00516609944834 0.00269128081663 0.00176610627282 0.0011367577153 0.00107771265959
175 1750 0.00982330371208 0 0 0.00906837828078 0.00673751919064 0.0104402608911 0.0203489425403 0.00658013453938 0.0051020781407 0.00265509721396 0.00174302381829 0.00112495203133 0.0010603129545
176 1760 0.00956669102399 0 0 0.0088211057454 0.00644382856216 0.0100293483127 0.0195622855998 0.0063014443783 0.00488526022169 0.00256596532828 0.0016717825408 0.0010937884115 0.00102307279119
177 1770 0.00950995515455 0 0 0.00864414949873 0.00630298191605 0.00980204005801 0.0191594299838 0.00617182448126 0.00492828784537 0.00258609991036 0.00163343601527 0.00107940998999 0.00100051754118
178 1780 0.0102219129216 0 0 0.00913996244206 0.00709393318228 0.0103868891114 0.0202139200999 0.00659924691437 0.00530721823869 0.00276645981282 0.00173502666805 0.00114195719962 0.00106629941569
179 1790 0.010863701632 0 0 0.00957118376549 0.00793763929679 0.0109407998443 0.0211492438693 0.00699045517891 0.0055662778632 0.0029122670026 0.00183259498924 0.00119848024859 0.00111562342621
180 1800 0.0107923832673 0 0 0.00934105969493 0.00796265545963 0.0107206000477 0.0206716671597 0.00683268564659 0.00544226455312 0.00286417038651 0.00182188368553 0.00118271005688 0.00109323521014
181 1810 0.0109109016477 0 0 0.00934835011602 0.00829611269281 0.0110466761896 0.0207864133604 0.00693450477132 0.00543255419784 0.00286626996233 0.00182706347312 0.0011751669922 0.00110702625326
182 1820 0.00977627814901 0 0 0.0082719708299 0.00745792815122 0.00987628490042 0.0183588801002 0.00612617190678 0.00485712090997 0.00252822963203 0.00161762233937 0.00103599892956 0.000974292174411
183 1830 0.00941796343913 0 0 0.008099152888 0.00745200975003 0.0101339680194 0.0176533439083 0.00583215514455 0.00462732369639 0.00243188586643 0.00154840440517 0.000988285366103 0.000925975252787
184 1840 0.00895969315063 0 0 0.00761994542186 0.00727378452442 0.0095924244688 0.0165153550907 0.00551258171512 0.00438258304711 0.00231752591778 0.00144891093504 0.000937405610644 0.000876378428088
185 1850 0.00863950235287 0 0 0.00745320033205 0.00694664331815 0.00910391872882 0.0158497547216 0.0052893348279 0.00416948038551 0.00221470375702 0.0013780713602 0.00089051868446 0.000833895766351
186 1860 0.00852242136261 0 0 0.00725520941895 0.00694027817552 0.00922536375103 0.0153739866252 0.00522997528664 0.00405173227767 0.00215163411563 0.00134141324794 0.000863165863222 0.000816344664641
187 1870 0.00853562390789 0 0 0.00741376442812 0.00688501891356 0.00928631562919 0.0151820864187 0.00525622195577 0.00404953824128 0.00215177811899 0.00133764888109 0.000848484025324 0.000808903020902
188 1880 0.0083874909046 0 0 0.00723354918888 0.00673818640074 0.00911520078013 0.0147885367663 0.00515127124606 0.00390833638177 0.00209510740637 0.00130231576835 0.000821712007449 0.000796682186983
189 1890 0.00817882111732 0 0 0.00695336366877 0.00662120173284 0.00881177252927 0.0142216416171 0.00503590602505 0.0037546904074 0.00200708171173 0.00126829692247 0.000793193504419 0.00077162640398
190 1900 0.00811793063173 0 0 0.00678519022769 0.00655095638271 0.00860727371882 0.0138459555978 0.00501729379519 0.00367815013016 0.00195740194899 0.00128355206278 0.000776605932875 0.000754014737371
191 1910 0.0084801919445 0 0 0.00696370064671 0.0067654155396 0.00884383894674 0.0142568170665 0.00524636907604 0.00381743454947 0.0020423593982 0.00139753396243 0.000801528154004 0.00077906353547
192 1920 0.00745698735806 0 0 0.00602101214329 0.00592131361201 0.0077386654869 0.0124858157546 0.0046083381235 0.00331370836623 0.00176601514367 0.00123316855298 0.000692498684403 0.000685953981353
193 1930 0.00715483479385 0 0 0.00568280574007 0.0057711909285 0.0074014284846 0.0120641251227 0.00439590956075 0.00313209402536 0.00169123037463 0.00117506482201 0.000655326039842 0.000653227182997
194 1940 0.00644154099583 0 0 0.00503533261562 0.00512115861463 0.00654777429284 0.0107962843841 0.00393195463618 0.00277903784567 0.00150717693955 0.00105324436029 0.000583807412578 0.000581196085144
195 1950 0.00574434772514 0 0 0.00444236557721 0.00449875197962 0.00578165683 0.00957121114666 0.00350562230464 0.00246405535713 0.00134121873477 0.000926438588272 0.00051294383156 0.000513207806916
196 1960 0.00558243240298 0 0 0.00438264902458 0.00435324015241 0.005646086938 0.00944110442504 0.00336778733564 0.00236524368794 0.00132038650288 0.000888208759157 0.000492976195992 0.000501593423822
197 1970 0.00550384317101 0 0 0.00427976667127 0.004212292526 0.00559431077225 0.00934818200854 0.003297547444 0.00232610997964 0.00128966079663 0.000866941219758 0.000487673563615 0.000488994147152
198 1980 0.00529731212728 0 0 0.00414431843347 0.00399650778476 0.0053294254463 0.00891918453676 0.00312455743548 0.00221170689886 0.00125083048848 0.000821260188109 0.000462276212575 0.000462501099437
199 1990 0.00532674524815 0 0 0.00426052726579 0.00398815767064 0.00545735575474 0.00891764041682 0.00312813620177 0.00219066433081 0.00125072914335 0.000812247907539 0.000459086903736 0.000461496148561
200 2000 0.00517353089706 0 0 0.00414834574537 0.00381839631275 0.00539728259119 0.00862751708006 0.00301163259133 0.00209369559165 0.00119582443978 0.000779808331906 0.000444883453182 0.000444122420683
201 2010 0.00528228524695 0 0 0.00418033191653 0.00385948627436 0.00560032284928 0.00870264369476 0.00307607380277 0.00211439944654 0.00121111229576 0.000784913755341 0.000457243180464 0.000447394468802
202 2020 0.00555467031006 0 0 0.00460411418184 0.00408188504498 0.00608711662707 0.00907254078615 0.00319831399456 0.00219963928722 0.00126554677329 0.000813580585505 0.000480741683007 0.000467083484914
203 2030 0.0063917145676 0 0 0.0053926298831 0.00468933176101 0.00711180134182 0.0103232133709 0.00364746272988 0.00251439613331 0.00145813449137 0.000927159440491 0.00054907689494 0.000531017560312
204 2040 0.0069978273169 0 0 0.00585717502674 0.00508756648586 0.00788946647576 0.0111045140409 0.00397565617189 0.00273239922602 0.00159600782743 0.000999918540391 0.000590562936314 0.000571597187502
205 2050 0.00789067954722 0 0 0.00704543822422 0.00588890721785 0.00945748999304 0.0123749540142 0.00444715084659 0.00304118167737 0.0017778612293 0.00110773757562 0.000656975507405 0.0006370732276
206 2060 0.00847953469661 0 0 0.00767975164233 0.00627274267549 0.0103605121268 0.0132427730044 0.00474524370922 0.00324502151056 0.00193698511339 0.00118357693845 0.000708017508567 0.000677230024462
207 2070 0.00854856146024 0 0 0.00781959002032 0.00621346788158 0.010425631175 0.0132158755265 0.00472238833844 0.00321968091765 0.00193571752435 0.00119532677357 0.000702601785579 0.000671516321104
208 2080 0.0078050450881 0 0 0.00713546802147 0.00563140310183 0.00941810218032 0.0118675396429 0.00423691356533 0.00288434970217 0.00173987702175 0.00107947305965 0.000632218954611 0.000611201450004
209 2090 0.00717850254948 0 0 0.00651328131487 0.00513760595644 0.00858982963262 0.0107594250125 0.00388609642688 0.00261453906083 0.00157528940747 0.000977628253063 0.000574135316423 0.00055676389734
210 2100 0.0068020120623 0 0 0.00610344116562 0.00480876054871 0.00805051207143 0.0100758928308 0.00366585839414 0.00246197030765 0.00147798543014 0.000917857528316 0.000537719826969 0.000519731875395
211 2110 0.00621339692407 0 0 0.00547568133797 0.00435916032622 0.00729407334014 0.00910562277433 0.00330923248983 0.00221510687132 0.00132934590497 0.000827354237317 0.00048858084703 0.000467953161242
212 2120 0.00602924051852 0 0 0.00528161425938 0.00425763926209 0.00720432496192 0.00876348128849 0.00320320359069 0.00220975022203 0.00127295609332 0.000792039958378 0.000466964543196 0.000446304771362
213 2130 0.0058936479169 0 0 0.00513433491459 0.00411165585186 0.00698354157259 0.00846894621035 0.00320327571058 0.00216008150906 0.00122779848631 0.000761069676907 0.000451982243976 0.00043323545433
214 2140 0.00597905839708 0 0 0.00536337214278 0.00428025165193 0.00737348509911 0.00856017707904 0.00321924747666 0.00219015179292 0.00124095332374 0.000762546894249 0.000456202074225 0.000432793313562
215 2150 0.00653128600075 0 0 0.00613838931015 0.00505398114384 0.008837922562 0.00927237739615 0.00351985365812 0.00240117322176 0.00133448934087 0.000832782511624 0.000492054820891 0.000465736253807
216 2160 0.00664032481185 0 0 0.00636314342068 0.00517667848434 0.00914279819617 0.0092939772614 0.0035351291054 0.00245314748609 0.00134313568052 0.000837576493005 0.000494069783266 0.000470746164477
217 2170 0.00664613441458 0 0 0.0063475248732 0.00513315744361 0.00926789873223 0.00916446631471 0.00351694775435 0.00245154779968 0.00133885835436 0.00083260400948 0.000488162340065 0.000468832948254
218 2180 0.00645970148338 0 0 0.00620947951389 0.00501504166038 0.00919891355747 0.00875785811843 0.00338869448861 0.00233934405539 0.00128724414088 0.00080321298052 0.000469215102437 0.000449877459318
219 2190 0.00596969628583 0 0 0.00579827534237 0.00464465949152 0.00854712207158 0.00799815557055 0.00307615555085 0.00212509703558 0.00117175242649 0.000731048919352 0.000426254445161 0.000409031246372
220 2200 0.00602294417576 0 0 0.00587366907128 0.0047567074497 0.00858587977315 0.00792655778317 0.00306193663455 0.00212748064377 0.0011634455438 0.000734047143347 0.000425792157209 0.00041262322975
221 2210 0.00603067320428 0 0 0.00579323000151 0.00480265804118 0.00857804956941 0.00779334988576 0.00301511943353 0.00211966874959 0.00114723032418 0.000733316852979 0.000422810134298 0.000421543284465
222 2220 0.00588584385418 0 0 0.00572026930569 0.00473900949768 0.00850475786841 0.00754817405482 0.00292789900869 0.0020589780959 0.00110515644042 0.000710994722391 0.000407775664278 0.000404635954696
223 2230 0.00596832094326 0 0 0.00572894666931 0.00478471771871 0.00855930888971 0.00757400683669 0.00295835599437 0.00210577706912 0.001125526599 0.000725911600447 0.000413969015712 0.00040480378648
224 2240 0.00577685884461 0 0 0.00547785468786 0.00466415962648 0.00835257275041 0.00721856470791 0.00281993549338 0.00201965878692 0.00107323837735 0.000698986413426 0.000402899823811 0.000385444969634
225 2250 0.00566216736293 0 0 0.00529035497118 0.00454806086916 0.00808587389841 0.00705458122423 0.0027264060941 0.00201356787782 0.00103784860267 0.000687278579196 0.000388460063914 0.000376951519284
226 2260 0.00629858018509 0 0 0.00595735353167 0.00501672332736 0.00898051895009 0.0078551021911 0.00301454325413 0.0022640064768 0.00113975427307 0.000754900769943 0.000428795780499 0.000418188917783
227 2270 0.00691882265998 0 0 0.0067509875209 0.00542005401811 0.0100600662817 0.00852765142503 0.00327754850196 0.0024601455843 0.00123262348624 0.000816308476693 0.000474426488592 0.000454344686118
228 2280 0.00693454872072 0 0 0.00696157816174 0.00545098917311 0.0101644075729 0.00849263199163 0.00323056736156 0.00244755633287 0.00123543412997 0.000821744203275 0.000470709925435 0.000452639880401
229 2290 0.00740167002777 0 0 0.00797131784729 0.00606940686563 0.0116866373133 0.00902357073865 0.00341828082132 0.00262234232633 0.00130282059456 0.000871732493428 0.000515617130638 0.000477870323671
230 2300 0.00777867725465 0 0 0.00837692968758 0.00638565234915 0.0127401409661 0.0093548173705 0.00368723559225 0.0027221235917 0.00135948697351 0.000901773483488 0.000535752167881 0.000496689798185
231 2310 0.00799798412591 0 0 0.00854557576237 0.00672375296302 0.0134602814138 0.00945657085986 0.00384702428855 0.00277690371338 0.00138268243071 0.000914624297172 0.000546751678968 0.000506374145977
232 2320 0.00839395228184 0 0 0.00910196533701 0.00721796971411 0.0143233667413 0.00978466628409 0.00406401692291 0.00291567675509 0.00147132408721 0.000945643986036 0.000568757335949 0.000522953742225
233 2330 0.0086145832564 0 0 0.00931797690413 0.00750162303952 0.014689382305 0.00997709377899 0.00414977390691 0.00296681241113 0.00149446791027 0.00095927859159 0.000575650929045 0.000537119673012
234 2340 0.00907067206615 0 0 0.0102180161449 0.00810535446285 0.0158758350044 0.010372604908 0.00435797999734 0.00310687745385 0.00155786131055 0.000997080010215 0.000605119258968 0.000560931763226
235 2350 0.00904329357816 0 0 0.0103758153566 0.00813923820923 0.0160993505861 0.0101841704147 0.00430532122362 0.00308684556388 0.00152797347156 0.000991587037893 0.000598182205295 0.000549347044867
236 2360 0.00945973316416 0 0 0.0114479297735 0.00891738762608 0.0181673271232 0.0104792870238 0.00442827851135 0.00319580085357 0.00157786961225 0.00103933640241 0.000618212617244 0.000564305565736
237 2370 0.00941302479732 0 0 0.0113587583758 0.00880603310729 0.018176700476 0.0103938370816 0.00432355857061 0.00316592759277 0.00158405131408 0.00103111550719 0.000617083964646 0.000555213785189
238 2380 0.0100692903424 0 0 0.012333249663 0.00951001311132 0.0204601155263 0.0109346103749 0.00459862333007 0.0033239613887 0.00166842771867 0.00110896337065 0.000652719107319 0.000594492214597
239 2390 0.0114899323447 0 0 0.0139403139177 0.0109257088998 0.0241583800065 0.0125891280589 0.00559642677401 0.00379355739241 0.00191163917882 0.00128262922719 0.000740417209616 0.000666986201117
240 2400 0.0130309389019 0 0 0.0156957477198 0.012520391095 0.0284473509652 0.014168294015 0.00629025015721 0.00430305145256 0.00214991973305 0.00144565061018 0.000830283512577 0.000742946059499
241 2410 0.0136587744491 0 0 0.016575406391 0.0134963639266 0.0309943735011 0.0148279178944 0.00650129250461 0.00445578290962 0.00221401357869 0.00149188275795 0.000863783929486 0.000768939866333
242 2420 0.0155861975425 0 0 0.0193853469072 0.0160924076452 0.0386136654926 0.016821061268 0.00730392471576 0.00505818288089 0.00248311460375 0.00167970637689 0.00101486891937 0.00087188380038
243 2430 0.01611871275 0 0 0.0199814218647 0.0166748599423 0.0406261346125 0.0172410663946 0.00743100187138 0.00516646116464 0.00253581894326 0.00171444660993 0.00104389882068 0.000889184716117
244 2440 0.016501802749 0 0 0.0202315607612 0.0170579193237 0.0413842678195 0.0173538071973 0.0074688038248 0.00526976394398 0.00259308500295 0.00174450033065 0.00105995084621 0.000931888978139
245 2450 0.0154269401855 0 0 0.0186724077334 0.015930136255 0.0385674510282 0.0160809842163 0.00691743138915 0.00485781166056 0.00244675769926 0.00161176246533 0.000977886713794 0.000860996206246
246 2460 0.0140469104193 0 0 0.0167923033006 0.0143429892883 0.0347551042259 0.0145590815745 0.00623744967404 0.00438552695815 0.00219449764858 0.00145837345442 0.000878957995935 0.000780606668554
247 2470 0.0123370014234 0 0 0.0145469061354 0.0124438871043 0.0301131716263 0.0127681655009 0.0054587503571 0.00380300976636 0.00190539786315 0.00125977698171 0.000785063600451 0.000682616940737
248 2480 0.011325219602 0 0 0.0131526408272 0.0112402053234 0.0272268735028 0.0117862615149 0.00494411861889 0.00342878844072 0.00173538885963 0.00113968690409 0.000722291158439 0.000620620013373
249 2490 0.0108474325198 0 0 0.0125644561973 0.0106597038304 0.026026278177 0.0111400702931 0.00466510133021 0.00328585077259 0.00164144400039 0.00107846822992 0.000686580492413 0.000585116390606
250 2500 0.0108480342103 0 0 0.0124516935302 0.0105859614853 0.0256800460704 0.0109699022478 0.00463658372311 0.00326164615188 0.00161797715895 0.00105851177013 0.00070206594079 0.000590493090019
251 2510 0.00997866063935 0 0 0.011376383431 0.00973580592632 0.0235201723338 0.00993192874395 0.00423496351495 0.00295300655754 0.00147825298806 0.000967124637112 0.000638512554732 0.000537745511838
252 2520 0.0106372342726 0 0 0.0129364671529 0.0104814842246 0.0257921191173 0.0103984945136 0.00446139527845 0.00309038954958 0.00155782012482 0.00101589436489 0.000701155698517 0.000569628442795
253 2530 0.0103119215153 0 0 0.0124600736065 0.010047942772 0.0247742387237 0.00999936634932 0.0042413713316 0.00296347496852 0.00149266646691 0.000976241266792 0.000688723165461 0.000547188504349
254 2540 0.00925722113318 0 0 0.0110286687736 0.00895155554755 0.0218629745428 0.00885914377487 0.00376622672356 0.00263993294743 0.00132793653265 0.000865046606403 0.000613449599459 0.000483030963517
255 2550 0.00798686195326 0 0 0.00939847033095 0.00767534764101 0.0186219261683 0.00757453585677 0.00320824417246 0.0022456559342 0.00112734061186 0.000734606450107 0.000522863794131 0.000412276431802
256 2560 0.0072750711782 0 0 0.0085813223528 0.0069084874952 0.016915916055 0.00686446688559 0.00287000856943 0.00203185303168 0.0010112026912 0.000662337821979 0.000469095737869 0.000371102563945
257 2570 0.00716005571402 0 0 0.00844234772339 0.00670252686794 0.0166975032341 0.00666065627144 0.00290456954648 0.00197694410022 0.000983561374561 0.000647331993413 0.000459325942713 0.000360075819568
258 2580 0.00770136871228 0 0 0.00945177861323 0.00721859927177 0.0186505242503 0.00707629733187 0.00317421562678 0.00208929565651 0.0010448062711 0.00070730997018 0.000494701329272 0.00038435129853
259 2590 0.00816193200627 0 0 0.0103292785752 0.00753082767173 0.0201032688496 0.00738154496535 0.00335430928868 0.00222495816695 0.00108643380011 0.000746361072686 0.000520334335843 0.000401260535301
260 2600 0.0080793911405 0 0 0.0101922383167 0.00734418928345 0.0198927930422 0.00720629560172 0.00330694149755 0.0021749449019 0.00106109884475 0.000731954861208 0.000514049665628 0.000401849801787
261 2610 0.00813189767967 0 0 0.0101807893495 0.00734941022925 0.0198738575554 0.00728642793285 0.0032912349352 0.00217971911042 0.00105242124229 0.00073465241028 0.000516929974761 0.000399513043504
262 2620 0.00829997372652 0 0 0.0104250213912 0.0074033277782 0.0205204774827 0.00739397274378 0.00332592782023 0.00218909999266 0.00107442288226 0.000744408061141 0.00052195284798 0.000407705570755
263 2630 0.00839818689045 0 0 0.0105997338663 0.00742730936579 0.0208183645355 0.00747980636586 0.00334670587182 0.00217555877248 0.00107261640818 0.000756502471152 0.000520647764996 0.000405727431882
264 2640 0.00812450842712 0 0 0.010386601567 0.0071244791184 0.0201371123371 0.00719837241781 0.00327089921592 0.00206521290271 0.00102090435241 0.000721771448591 0.00049889460012 0.000389532557448
265 2650 0.00794724077505 0 0 0.0100518608944 0.00686089615731 0.0194885032165 0.00692384734087 0.00327252572711 0.00198653945488 0.000988912557945 0.000700277561203 0.000483020447696 0.000375378959999
266 2660 0.00752896275959 0 0 0.00941806739854 0.00654063025288 0.0181736773349 0.00656490387682 0.00308308417576 0.00184586318579 0.00092121532995 0.000654015720812 0.000450562332904 0.000351193280815
267 2670 0.00735004780068 0 0 0.00924927633649 0.0063095249419 0.0177640174547 0.00634670067926 0.00298482154613 0.00177990549318 0.000896217264977 0.000629055767307 0.00043661161541 0.000337477480456
268 2680 0.00676238534725 0 0 0.00842327132333 0.00577021351328 0.016337657933 0.00581885999247 0.00272777149659 0.00164479925198 0.000818321986839 0.000570276200358 0.00040338988346 0.000304922694529
269 2690 0.00662538684831 0 0 0.00832523928959 0.00565437124241 0.016506433228 0.00562000499064 0.00263704206827 0.00159285283652 0.000800457959032 0.000557151310309 0.000391690025032 0.000294202503156
270 2700 0.00681992654957 0 0 0.00845265321086 0.0057648427349 0.0169378557657 0.00569576600764 0.00270376648209 0.00161475891146 0.000817661940602 0.00057116527389 0.000405755264224 0.000301207712159
271 2710 0.00715120133196 0 0 0.00881610082076 0.00593581674245 0.0179566140296 0.00587207733295 0.00278743478707 0.00166060825873 0.000854383170786 0.000591031850093 0.000423834012873 0.000311845156692
272 2720 0.007840358641 0 0 0.00953484010764 0.00667451736551 0.0194685644101 0.00637097359263 0.00300454729806 0.00181169199333 0.000922583438444 0.000644646695406 0.00046318055785 0.0003384636351
273 2730 0.00787555386305 0 0 0.00959246167949 0.00684717927597 0.0196530625661 0.00630772401564 0.00296028184676 0.00179357693778 0.000913532882505 0.000638486148432 0.000457462303703 0.00034523468639
274 2740 0.00828843202863 0 0 0.0100256779381 0.00752423862466 0.0204254719707 0.00661484339032 0.00308538710842 0.00186068413411 0.000959635874987 0.000670956621533 0.000474959538706 0.000360320386338
275 2750 0.00858490419637 0 0 0.0103038408203 0.0080357589283 0.0209161014097 0.00674801567186 0.00313415134029 0.0018926703833 0.000977557138472 0.000689218772123 0.000483131681449 0.00036757321409
276 2760 0.00859825864859 0 0 0.010161480139 0.00823973563061 0.0207541922442 0.00664766037937 0.00310290499682 0.00186392261693 0.000978765656924 0.00068701587012 0.000479663296911 0.000363982132012
277 2770 0.00912516293326 0 0 0.0106814206612 0.00881039899597 0.0216847081888 0.00698345301628 0.00334586717912 0.00194130160602 0.00103025768347 0.000734156845515 0.000502398603527 0.000382348646242
278 2780 0.00907228545235 0 0 0.0106112468851 0.00869910053182 0.0219455699098 0.00683058709624 0.00328244000444 0.00190774708311 0.00101725844758 0.000728050413991 0.000492546288114 0.000375345900213
279 2790 0.00877549306594 0 0 0.01014998504 0.00849373020301 0.0210952131742 0.00654919848097 0.00313392676578 0.00181849391603 0.000982325065973 0.000695298060889 0.000469282164723 0.000362030330376
280 2800 0.00841804803178 0 0 0.00966825493418 0.00810168372789 0.0200354125835 0.00619904227829 0.00297738762773 0.00172836383112 0.000929437694193 0.000669145320891 0.000444191573953 0.000344674622738
281 2810 0.00803955886273 0 0 0.00916375069815 0.00763446862121 0.0193555936688 0.00591930828642 0.00280308836486 0.00162645238532 0.000871606875762 0.000637453934842 0.000418109319822 0.000323429826959
282 2820 0.0082383269356 0 0 0.00936905006213 0.00791158951534 0.0198977242636 0.00603108645968 0.00282096336436 0.00164501696887 0.000880290517497 0.000666712762473 0.000428497673679 0.00032587446768
283 2830 0.00802018326593 0 0 0.00901501827438 0.00759849082044 0.0191953619052 0.00582525517251 0.00274667919186 0.00158502789871 0.000859074830726 0.000641472250227 0.000411824421328 0.000315982264368
284 2840 0.00827026360155 0 0 0.00937881869792 0.00791300928585 0.0195962238902 0.0060629262788 0.00281863054752 0.0016336381411 0.000880458252576 0.000655690944789 0.000424053069901 0.000321872682864
285 2850 0.00871748508733 0 0 0.00973152911755 0.00878609895166 0.020321275096 0.00631294378523 0.00291813254349 0.00169735111406 0.000932164984909 0.0006838746542 0.000444233085679 0.000337515761139
286 2860 0.00875188466105 0 0 0.00963765158494 0.00903402554421 0.0202802330493 0.00626122667631 0.00288170846978 0.0016769375322 0.000929029972905 0.000677002913941 0.000442042041373 0.000335681348348
287 2870 0.00914570876128 0 0 0.00992489245633 0.00968327436826 0.0209933738905 0.00645901822089 0.0029723385941 0.00173181719195 0.000955252448284 0.000698469683455 0.00046020394345 0.000348117567203
288 2880 0.00919454917907 0 0 0.00993705162161 0.00979752616887 0.020942562869 0.00648569690062 0.00295284295916 0.00171135432102 0.000945386583748 0.00070472928942 0.000459202435028 0.00034742204608
289 2890 0.00955968537699 0 0 0.0103508379535 0.0106237276464 0.0215492337191 0.00673429606821 0.00304271275079 0.00176648247927 0.000973800533734 0.000724777110945 0.000472843297521 0.000363213863693
290 2900 0.0100371707242 0 0 0.010897108681 0.0113340468295 0.0230697075083 0.00694372821187 0.00314906491738 0.00183925494722 0.00100632845943 0.000748973073669 0.00049003601973 0.000376961783425
291 2910 0.0114810551903 0 0 0.0123273956708 0.01480030247 0.026314981028 0.00799131347014 0.00353969278033 0.00208945290911 0.00112991366811 0.000846604593192 0.000552484891925 0.000426172523104
292 2920 0.013245023663 0 0 0.0140835113413 0.0178861954248 0.0301624577896 0.00926302652861 0.00402998164442 0.00238299239812 0.00128454409972 0.000971634081219 0.00063278769741 0.000489678367608
293 2930 0.0138479791722 0 0 0.0145068377156 0.0187436065976 0.0310902476174 0.00962509252004 0.00422918870088 0.00247412642151 0.00134580407498 0.00101279326419 0.00065326386941 0.000505423368997
294 2940 0.0150342640152 0 0 0.0156009147175 0.0208888971975 0.0332875487622 0.0102750303509 0.00455010981306 0.00266954132581 0.00144510818565 0.00108717404832 0.000706165331344 0.000553406190408
295 2950 0.0156208741892 0 0 0.0159133383996 0.0216292113121 0.0339615741188 0.0105864534071 0.00481548113934 0.00279537732594 0.00148001750862 0.00113030556206 0.000725400566474 0.000575497590693
296 2960 0.0171396709875 0 0 0.0172413092072 0.0247657729728 0.0365438212866 0.0115397920435 0.00525616142318 0.00313427826967 0.0015962182885 0.00122130851092 0.000783866767469 0.000620317434675
297 2970 0.0194130209756 0 0 0.0194616755898 0.0296570517512 0.0407525927933 0.0130204021115 0.00585755515506 0.00355856544025 0.00179660695238 0.00141394934918 0.000881898245351 0.000690056348853
298 2980 0.0197504865223 0 0 0.019504649248 0.0308830963453 0.0408587618559 0.0130631733892 0.00585910632195 0.00361737598727 0.00179640812636 0.00143107650738 0.00089250320338 0.000701486739659
299 2990 0.0210554112802 0 0 0.0210366920965 0.0346731066911 0.0437954413189 0.0137650820525 0.00612928746289 0.00382011159602 0.00190418948146 0.00151625216663 0.000941749925497 0.000743731279838
300 3000 0.0214180535925 0 0 0.021688941865 0.0360820368987 0.0445676343956 0.0140119877621 0.00614114883657 0.00384011225319 0.00191081920679 0.00152627682945 0.000941401572783 0.000746006031778
301 3010 0.0199154093339 0 0 0.0198369987717 0.0336203074262 0.0408217403093 0.0128769703368 0.0056707890924 0.0035148108279 0.0017503859181 0.00141682465178 0.000876858034458 0.000690801136105
302 3020 0.0199759891827 0 0 0.0195268073844 0.034792878627 0.0402681504154 0.012783401061 0.00558381877624 0.00352529724778 0.00173112626371 0.00140715434243 0.000891134904297 0.000682980244498
303 3030 0.0199702534755 0 0 0.0192347819813 0.0354739427769 0.0396948926115 0.0125639178919 0.0054963869193 0.00346901660867 0.00169855290133 0.00143176018822 0.000880076639347 0.000685016283533
304 3040 0.0195731466867 0 0 0.0185774174392 0.0348103443406 0.0383176187989 0.0125498370525 0.00532500508829 0.00342944773487 0.0016409913385 0.00138637181222 0.000861411881448 0.000677362173841
305 3050 0.019021755261 0 0 0.0177772947486 0.0336507313239 0.0367005896899 0.0120620812861 0.00522009635844 0.00331054226036 0.00157652343636 0.00133472124181 0.000843295947014 0.00065263540448
306 3060 0.0172463697343 0 0 0.0161163540128 0.0301980468068 0.0335433713504 0.0107675413611 0.0047085682023 0.00296703796469 0.00141152479029 0.00119364271007 0.000758899395072 0.000587459014965
307 3070 0.0163366311379 0 0 0.0150487558186 0.0282093389889 0.0314412171767 0.0100698975102 0.00443759508022 0.0027637799908 0.0013193476933 0.00112556160403 0.000707770077899 0.000546663404563
308 3080 0.0169739061368 0 0 0.0162169535014 0.0299178227598 0.0323200429265 0.0107420219537 0.00456164755785 0.00285366953646 0.001351771865 0.00115909803143 0.000741260151733 0.000560171456672
309 3090 0.0174766041776 0 0 0.016661710127 0.032082140956 0.0332788190675 0.0111691465071 0.00467891873632 0.00294365512487 0.00139158458589 0.0011772294878 0.000763262587945 0.000568566002224
310 3100 0.0173458462403 0 0 0.0163184107289 0.0317160747225 0.0325901826019 0.0110233255954 0.00456923791834 0.0028760332339 0.00140862396519 0.00114962672987 0.000772976484111 0.000560634916031
311 3110 0.0175204198512 0 0 0.0162162302683 0.0315893263567 0.0324822622627 0.011171315438 0.00457167005108 0.00285537464292 0.00140284749751 0.00117065958257 0.000807712020734 0.000556668465605
312 3120 0.0158828479201 0 0 0.0145567854491 0.0282204612213 0.0289834487831 0.0100119588255 0.00408679180373 0.00254605424694 0.00127307425812 0.00104532801569 0.00073043261015 0.000501151893857
313 3130 0.0145855038929 0 0 0.0133066658034 0.0256989122079 0.0262516919487 0.00915687969109 0.00368618532073 0.00230500709768 0.00117787436512 0.000951714831102 0.000664464749074 0.000458791830349
314 3140 0.0156655434217 0 0 0.0148333820198 0.0275611120917 0.0282819413186 0.00986633557536 0.00398250271296 0.00246212681256 0.00124422055129 0.00100814116411 0.000704582682654 0.000498084706607
315 3150 0.016185116971 0 0 0.0154693677996 0.0281468001877 0.0288283843721 0.010079099053 0.0040832178218 0.00253092173276 0.00126499089071 0.00102522498747 0.000722517289419 0.000515275002039
316 3160 0.0169799147797 0 0 0.0162673774696 0.0295071432178 0.0297150742082 0.0104058623953 0.00433728758338 0.0026160391737 0.00130847307693 0.00106172196705 0.000756674931326 0.000541390437377
317 3170 0.0162486332524 0 0 0.0154240839732 0.02793202909 0.0280509958891 0.00985209188735 0.00414694369285 0.00247512495815 0.00123614772623 0.00100041073626 0.00071127951664 0.000518836634141
318 3180 0.0156848258061 0 0 0.0147106085314 0.0265224496633 0.0266561687704 0.00951148813475 0.00393122632861 0.00238030307936 0.00118917478848 0.000955283244134 0.000675556582391 0.000492700295907
319 3190 0.0163660722083 0 0 0.0151415891623 0.0285828591722 0.0275380510695 0.00994011165377 0.00403063050954 0.00244361270696 0.00124102324906 0.000986028789747 0.000699643672195 0.000525319645006
320 3200 0.0177491580491 0 0 0.0161671458293 0.0317329641115 0.0296204368183 0.0108018680386 0.00440898462537 0.0026359153435 0.00132468789779 0.0010559280913 0.000762954317319 0.000582019090204
321 3210 0.0199391150717 0 0 0.0179609907816 0.0400313331405 0.0327268815951 0.0124819527908 0.00499359543196 0.00294535930154 0.00147723921836 0.00117114634797 0.000850898999431 0.000654617867839
322 3220 0.0210433526114 0 0 0.0186641347644 0.0440618494871 0.0339698963295 0.0131677391593 0.00529878344455 0.00311257294897 0.00155956670788 0.00121790008755 0.000887227373035 0.000683755281134
323 3230 0.0196568068361 0 0 0.0171060397486 0.0411147544043 0.0312266572958 0.0121985914378 0.0048866572497 0.00288476645287 0.00144925818326 0.00112193883012 0.000823492959232 0.000629238511342
324 3240 0.0190268200982 0 0 0.0163712623629 0.0399944607605 0.0297071843144 0.0121209296246 0.00467362515972 0.00275665752608 0.00140807451555 0.00107293359995 0.000793812492913 0.000604720872186
325 3250 0.0169260387193 0 0 0.0144034167264 0.0351204826561 0.0259488275688 0.0108100291868 0.00408687899879 0.00241680118742 0.00123200159811 0.000937025885014 0.000698315011307 0.000537934544497
326 3260 0.0157303342187 0 0 0.0133832664504 0.0321181026874 0.0237775780624 0.00985456232237 0.00374968962046 0.00222366786535 0.00112766527641 0.000865063244582 0.000652849503166 0.000501462863079
327 3270 0.014891009463 0 0 0.0124447035079 0.0299480436548 0.0221234259724 0.0092090920365 0.00350600597929 0.00207644902298 0.00105392255268 0.000835428894685 0.000613718827804 0.000468228670148
328 3280 0.0143728142683 0 0 0.0117865679406 0.0292983984348 0.020993318494 0.00874329273086 0.00335859406259 0.00200361252341 0.00101210761606 0.000796474097153 0.000590833547234 0.000454367855737
329 3290 0.0148378941466 0 0 0.0119577432296 0.0305703032342 0.0214107961778 0.00904601563241 0.00341967102752 0.00203579392865 0.00103664570282 0.000809465542393 0.00062739300456 0.000473193296848
330 3300 0.0152604152254 0 0 0.0121135386516 0.0319219068525 0.0216613052439 0.0092443997745 0.00346449343317 0.00208667737213 0.00106596256518 0.000827769092499 0.000642076941366 0.000487498144481
331 3310 0.0157817438588 0 0 0.0123293976899 0.033553435384 0.0219801355736 0.0097528166999 0.00355881984994 0.00211775578139 0.00109403920784 0.000843830801312 0.000659272060484 0.0005061871851
332 3320 0.0159335080842 0 0 0.0125131533025 0.0343160688868 0.0218435384172 0.00998126267285 0.00353766447407 0.00215884017638 0.00109540297836 0.000839042476782 0.00066001068962 0.000517423064957
333 3330 0.016367155151 0 0 0.0126615721817 0.0368107208117 0.0220443015436 0.0101663317751 0.00358832705735 0.0022173174047 0.00111002024014 0.000861375052153 0.000672975238794 0.000529281499223
334 3340 0.015921133964 0 0 0.0121742166593 0.0355359895248 0.0211183802052 0.0097542788152 0.00348709275894 0.00214937264236 0.00106105948676 0.00083416241722 0.00065175200466 0.00052106170409
335 3350 0.0157530277967 0 0 0.0118335516604 0.034682318084 0.0205444606457 0.00959442188759 0.00341168577374 0.00217848921778 0.00103323655316 0.000828390420143 0.000638332786199 0.000519697627494
336 3360 0.014710459059 0 0 0.0108851930124 0.0327627965192 0.0188437909988 0.00887711636367 0.00313733173137 0.0020147946907 0.000962135752954 0.000767854248323 0.00058624281794 0.000482711503482
337 3370 0.0148362558284 0 0 0.0108355524244 0.0324838825433 0.0188050415042 0.00896552401164 0.00311316437171 0.0019989926102 0.000966460215705 0.000777046379969 0.000582417644072 0.000488228438006
338 3380 0.0154115523324 0 0 0.0112135238706 0.0335177502487 0.019200426953 0.00928796612495 0.00320336824337 0.00205020755361 0.00100021741487 0.000799376877185 0.000595729361861 0.000504660803683
339 3390 0.0167601473874 0 0 0.012077324638 0.0359365808331 0.0205654097689 0.0100097006018 0.00349695845246 0.00228413358492 0.00108163764995 0.000875841486789 0.000649274083667 0.000555346196073
340 3400 0.0169477338004 0 0 0.0120490886092 0.0358844930594 0.020434580164 0.00998934096356 0.00350557095738 0.00227899396933 0.00108805306891 0.000878043780876 0.000654400343286 0.000561289754291
341 3410 0.0164292688125 0 0 0.0115362091195 0.0345464307653 0.0195288465797 0.00965111052552 0.00335278447014 0.00218547890378 0.0010569043635 0.000844754235612 0.00062920503488 0.000536847755551
342 3420 0.0160969934815 0 0 0.0111964171877 0.0333465259875 0.0188297814268 0.00929340176531 0.00327058255885 0.00210792028525 0.00103281295861 0.000817971442335 0.000606256863156 0.000518845285259
343 3430 0.0151622735061 0 0 0.0104412308004 0.0308982301205 0.0175273915263 0.00869001338798 0.00306945795108 0.00196716509475 0.000956589645939 0.00077113567041 0.000563262016952 0.000488765795558
344 3440 0.0146816569716 0 0 0.00992753193878 0.0299931847685 0.0167102576105 0.00846937935898 0.00293049780201 0.00188962265869 0.000913505043719 0.000736576722038 0.00053524188597 0.000474702650731
345 3450 0.0148200355017 0 0 0.00989699101647 0.030918277634 0.016589524519 0.00842585255987 0.00292400828806 0.00188926937808 0.000909547169136 0.000741752853333 0.000539408621729 0.000473953265996
346 3460 0.0153482282075 0 0 0.0101036163358 0.0319295328875 0.0169386319514 0.00859899865066 0.00306326744144 0.00194229798732 0.000927266672482 0.000758853847517 0.000570540233621 0.000499260971773
347 3470 0.0157474053511 0 0 0.0104420484654 0.0330040048442 0.0171461981184 0.00880614522428 0.00312178429342 0.00198609418697 0.000944815881848 0.000771566089845 0.000579967038118 0.000507069073598
348 3480 0.0155927376744 0 0 0.0103890352389 0.032488380478 0.0167096682454 0.00857091674349 0.0030656844379 0.00193684456237 0.00093251689653 0.000767426559013 0.000573107046506 0.000503391208855
349 3490 0.0151748748206 0 0 0.010033964796 0.0317785411501 0.0160124591132 0.0082208450385 0.00295272877922 0.00186629420344 0.0009097956741 0.00073666431675 0.000559648755568 0.000481672420126
350 3500 0.0148668185942 0 0 0.00966192685708 0.0307400167063 0.0155533954199 0.00791090797038 0.0029085694575 0.00181523570735 0.000905947530816 0.000714080869058 0.00054786103432 0.000472515911316
351 3510 0.0145939664236 0 0 0.00971832982491 0.0302378538641 0.0152235420463 0.00773562676137 0.00283692108707 0.00176578548676 0.000876860371841 0.000711242134004 0.000540193594747 0.000460697167416
352 3520 0.0137965640517 0 0 0.00914245527668 0.0291727480028 0.0141484729804 0.00722112060034 0.00264715851001 0.00164551580833 0.000821212109327 0.000673491142462 0.000508443960536 0.000430165946724
353 3530 0.0128242392296 0 0 0.00837248761084 0.0269935391809 0.0129394444077 0.00658811890093 0.00245975456586 0.00151695411813 0.000762156026926 0.00061773146216 0.000464456941367 0.000396938136434
354 3540 0.0119080609762 0 0 0.00773167096774 0.0247728241879 0.0118403177883 0.00601587131163 0.00225040519231 0.00139214611715 0.000709018582181 0.000567347155039 0.000431387867198 0.000377335971777
355 3550 0.0110012877977 0 0 0.00701919270421 0.0225304168234 0.0109213207536 0.00549994963657 0.00204329932819 0.00127592973713 0.000646324194526 0.000516678199039 0.000397891207634 0.000355459080466
356 3560 0.010445187655 0 0 0.0065941578569 0.0210690856635 0.0102120275332 0.00513412549668 0.00191242826778 0.0011956238707 0.000607526695758 0.000483064467504 0.000375345822763 0.000338476321027
357 3570 0.00948160440513 0 0 0.00593665397806 0.0187655050502 0.00920238888425 0.00457011029082 0.00170438969215 0.0010701909345 0.000541615339054 0.000431674846896 0.000336686337964 0.00030704505642
358 3580 0.0089463831259 0 0 0.00553429837722 0.017891136449 0.00863646299192 0.0042354840804 0.00157989279279 0.000999297028563 0.000509676143616 0.000400847597707 0.000313587761575 0.000284825646287
359 3590 0.00843224892305 0 0 0.00512359660827 0.0166975292634 0.00801296387166 0.00396494607892 0.00147458335587 0.000939387355859 0.000472274493034 0.00038010111428 0.000294167200137 0.000267195499979
360 3600 0.00791298680397 0 0 0.00480438382477 0.015592882445 0.00738626738957 0.00366529804847 0.00135806021221 0.000872230511554 0.000443201519406 0.000358277706254 0.000271661380014 0.000249459349656
361 3610 0.00743494956107 0 0 0.00443384603033 0.0146416256644 0.00683835495705 0.00341917938124 0.00125695624806 0.000819865316434 0.00041432709416 0.000332798520809 0.000252389064228 0.000232167114648
362 3620 0.00697854499475 0 0 0.00410869752361 0.0136983355671 0.00633773663869 0.00316929785054 0.00116621651829 0.000756228370806 0.000386357597265 0.000308514971246 0.000234635147198 0.000218117696991
363 3630 0.0065856155861 0 0 0.00384510558545 0.0129516418305 0.0059028650407 0.00294474024998 0.00110590558635 0.000711036049543 0.000359810495214 0.000293097205461 0.000225174117285 0.000203708306077
364 3640 0.00651237541803 0 0 0.00378391032976 0.012762525477 0.00576937025365 0.00287200983807 0.00107808017942 0.000706703626957 0.00036005600577 0.000285668610325 0.000228759530723 0.000199421187414
365 3650 0.0062583348572 0 0 0.00357732877219 0.0122508635103 0.00545086590857 0.00273690261815 0.00102838525027 0.000673852314031 0.000340656292257 0.000271487324974 0.000220741611003 0.000190103160543
366 3660 0.00597626058835 0 0 0.0033892831711 0.0116356055586 0.00510978125791 0.00258523843729 0.000970009709612 0.000637126035928 0.000319619940848 0.000255268795906 0.000216088364353 0.000180533337264
367 3670 0.00601318204395 0 0 0.00338467476501 0.0116621882033 0.00506648997266 0.00258885546028 0.000977061271371 0.000635740441668 0.000316058023069 0.000256062207901 0.00021857396179 0.000182242918694
