%  columns="iteration, evaluation, sigma, max axis length,  min axis length, all principle axes lengths  (sorted square roots of eigenvalues of C)", seed=126486, Wed May 08 17:23:41 2013
1 10 0.42943069559 1.0 1.0 1.0 1.0 1.0 1.0 1.0 1.0 1.0 1.0 1.0 1.0
2 20 0.414431384997 1.02916097726 0.980043201178 0.980043201178 0.980043244764 0.980043300074 0.980043371484 0.980043385248 0.981526854793 0.985732420196 0.996790532971 1.00523178701 1.02916097726
3 30 0.384919294548 1.06569731227 0.960501934795 0.960501934795 0.961159431891 0.962274223056 0.965671478312 0.970329253822 0.97216881826 0.982431780021 0.997594092813 1.02127670876 1.06569731227
4 40 0.382101438814 1.07486696589 0.943114603462 0.943114603462 0.945261593466 0.949153730009 0.954607034818 0.95697033613 0.963668958601 0.982915004543 1.0036554949 1.00747687925 1.07486696589
5 50 0.365312885216 1.06720561671 0.92617989711 0.92617989711 0.931141811401 0.936536771424 0.941167276568 0.945673114309 0.970745110829 0.982712127162 0.99328991081 1.04411410667 1.06720561671
6 60 0.356191158228 1.06431313181 0.913016838898 0.913016838898 0.916349804638 0.924971574713 0.927405056311 0.941125436679 0.965495925791 0.975740473559 1.00253207889 1.03209296848 1.06431313181
7 70 0.356188887999 1.08544005829 0.899226183081 0.899226183081 0.908330425347 0.918496592167 0.920637186514 0.928816985444 0.953087329824 0.968089521905 1.00946904285 1.03956064339 1.08544005829
8 80 0.331728856941 1.15397950736 0.887966425402 0.887966425402 0.89802139934 0.902909783398 0.903969688051 0.914334012376 0.949213197967 0.97308990021 0.999833355672 1.02960342751 1.15397950736
9 90 0.303358770105 1.16953678841 0.87348521894 0.87348521894 0.883523252143 0.891698426156 0.894834866758 0.910082483786 0.932064451842 0.985526696481 1.00437268099 1.01315587757 1.16953678841
10 100 0.263716858236 1.20230355911 0.858909446557 0.858909446557 0.870657261671 0.877370543173 0.878550426017 0.906183150491 0.93352604084 0.975935103726 0.992935819624 1.009696904 1.20230355911
11 110 0.231525189868 1.21512171917 0.847559743738 0.847559743738 0.855569222354 0.861690785918 0.879970556798 0.891826472477 0.917913303479 0.960171813888 0.98047374216 0.995751850114 1.21512171917
12 120 0.207440117965 1.19727562172 0.833618910731 0.833618910731 0.845310779668 0.852876439647 0.867282085119 0.875719989186 0.922695546745 0.952771020776 0.967940140223 1.00407465017 1.19727562172
13 130 0.186362170543 1.18537183718 0.818352495818 0.818352495818 0.833638155115 0.840341466892 0.864234789632 0.874369476966 0.906787770873 0.946081013733 0.965229638496 0.991299850874 1.18537183718
14 140 0.18547430654 1.16685547871 0.808087798085 0.808087798085 0.820038798304 0.833121769623 0.854516740899 0.870124188052 0.901725240379 0.93410941601 0.949696877914 0.985919929023 1.16685547871
15 150 0.185873044023 1.17166566712 0.795908953338 0.795908953338 0.804776388075 0.822646015322 0.840823457038 0.880265945143 0.886084505239 0.931529930365 0.96871565624 1.00211763422 1.17166566712
16 160 0.174518735029 1.15462631516 0.783544191246 0.783544191246 0.794979988053 0.807195551892 0.846400104964 0.868495039555 0.893834314466 0.925710283248 0.953287803273 1.02831381009 1.15462631516
17 170 0.157441151154 1.13594108939 0.773074592032 0.773074592032 0.783228397592 0.796037950607 0.839223672838 0.859632363254 0.879146138716 0.911070131669 0.972615113264 1.02353876443 1.13594108939
18 180 0.13835489618 1.11814102955 0.761220534069 0.761220534069 0.771024958841 0.788627184726 0.841845018485 0.854844723116 0.878542147765 0.905583435931 0.96995092823 1.02105614018 1.11814102955
19 190 0.132817550654 1.10436317161 0.746494164374 0.746494164374 0.760103521281 0.781098327289 0.826048884879 0.843102742345 0.872397109863 0.902713891483 0.957608714567 1.00367653595 1.10436317161
20 200 0.131045438713 1.09971461265 0.735262274282 0.735262274282 0.747341645288 0.798963253807 0.830457302661 0.838770107282 0.862118407109 0.893731144721 0.955933076311 0.984752918677 1.09971461265
21 210 0.117810767523 1.09017327816 0.724945011431 0.724945011431 0.742575791963 0.785258638048 0.816894675068 0.831261244114 0.853656166987 0.898836630343 0.947403952957 1.01763812411 1.09017327816
22 220 0.113533644429 1.10018099229 0.712386456994 0.712386456994 0.738799147372 0.785042327382 0.806663287771 0.822363191729 0.848496276823 0.883965241585 0.942573639634 1.01034601333 1.10018099229
23 230 0.104409724849 1.11623340676 0.701367258211 0.701367258211 0.729100480556 0.769721045144 0.808318786392 0.814877595848 0.838454089307 0.889317757763 0.945933985984 1.00338018042 1.11623340676
24 240 0.0949425454927 1.10367477188 0.696854358297 0.696854358297 0.718902379777 0.766691275445 0.79925199739 0.803657909725 0.828455899339 0.880669140135 0.937532201415 0.990529248252 1.10367477188
25 250 0.0880706410153 1.093086326 0.686114943877 0.686114943877 0.708277712617 0.75470587569 0.788387411528 0.808960634926 0.822768024799 0.896857035992 0.926778351608 0.981314724492 1.093086326
26 260 0.0853945157038 1.08873646833 0.676720051644 0.676720051644 0.698170131971 0.744782532955 0.775403394487 0.802497780311 0.819111860025 0.891220925631 0.961920744564 0.985051586849 1.08873646833
27 270 0.0835168632158 1.07987263411 0.666016903956 0.666016903956 0.685386876096 0.732846847439 0.770787429603 0.802379293528 0.810541891089 0.889151021433 0.963062002615 0.987806721613 1.07987263411
28 280 0.0847919143848 1.08215242429 0.658266709599 0.658266709599 0.678518116394 0.721888637239 0.784338116589 0.792744321092 0.806246198736 0.883986238544 0.971005046538 0.977288844167 1.08215242429
29 290 0.0848673941189 1.07080906966 0.646624582628 0.646624582628 0.672855025541 0.720104526752 0.780409826835 0.791454409974 0.817965260232 0.894118149525 0.960324100058 0.976253293319 1.07080906966
30 300 0.0840401979673 1.06377279745 0.637813744539 0.637813744539 0.661035270877 0.711644205204 0.785042659353 0.799259133237 0.823897967874 0.896574167123 0.960918805966 0.965472606103 1.06377279745
31 310 0.0843259548891 1.05256452851 0.626982011788 0.626982011788 0.648858900471 0.712163844817 0.779137559107 0.793753588706 0.816020046874 0.884072054784 0.950255961802 0.977742882206 1.05256452851
32 320 0.0856394066212 1.04416365733 0.619438706834 0.619438706834 0.637107283376 0.70232004141 0.770651422738 0.791323683131 0.806721345002 0.871757110215 0.9477138262 1.00110718312 1.04416365733
33 330 0.0831465109959 1.09770252603 0.607939230064 0.607939230064 0.627122738621 0.691192356638 0.757440881687 0.779250392757 0.798153801272 0.861385921969 0.947938494765 1.00447721776 1.09770252603
34 340 0.0859482372904 1.10982663532 0.599491514252 0.599491514252 0.615441194882 0.682919565665 0.76620495272 0.775724412086 0.805117276273 0.853352969917 0.939011504346 1.00530033841 1.10982663532
35 350 0.084896421037 1.10939409799 0.590117441327 0.590117441327 0.603752142847 0.691745903451 0.759384079827 0.785029738149 0.80275680656 0.867563316499 0.924146441539 1.00752980097 1.10939409799
36 360 0.0813052137132 1.10793310739 0.580456507997 0.580456507997 0.594618703839 0.681732965211 0.754618730426 0.781371269387 0.800102484271 0.86739817941 0.915743567162 0.994042328264 1.10793310739
37 370 0.0785362230569 1.09994160314 0.571947550634 0.571947550634 0.584999530938 0.671314910723 0.753092307928 0.784766259361 0.807034149381 0.868941684 0.924395094635 0.981878016498 1.09994160314
38 380 0.0762287427266 1.09863646115 0.560793402803 0.560793402803 0.578683439717 0.661841334082 0.740102719395 0.772585645922 0.80964791236 0.865021913456 0.932556963532 0.967266542946 1.09863646115
39 390 0.0785649341581 1.09024567649 0.550160197663 0.550160197663 0.572723459033 0.664887738784 0.742405313114 0.777416854838 0.803182603864 0.869699831969 0.919129396384 0.996666077271 1.09024567649
40 400 0.0745306649409 1.09043617827 0.54025030808 0.54025030808 0.567957316035 0.654912616775 0.734870842285 0.774034870336 0.809315751181 0.861365133217 0.905864353764 1.04925466063 1.09043617827
41 410 0.0684942620706 1.07488133445 0.531496190208 0.531496190208 0.562743274618 0.662435063701 0.727720050763 0.769329233315 0.797366283403 0.863801513666 0.891267778338 1.06165877876 1.07488133445
42 420 0.065921892503 1.08157720997 0.524744479272 0.524744479272 0.558936376124 0.652690778132 0.718496362965 0.758294028779 0.789518620902 0.853550303442 0.882827222046 1.06541270817 1.08157720997
43 430 0.0593380196236 1.06238055021 0.517654645206 0.517654645206 0.549295333149 0.645659832348 0.708619785793 0.773609494658 0.787257597428 0.853003797993 0.876724442553 1.0534241969 1.06238055021
44 440 0.054310360072 1.06879697772 0.51269153995 0.51269153995 0.543938796044 0.642787742169 0.696211133182 0.761413664995 0.788507807426 0.859237963744 0.880481636034 1.03598918432 1.06879697772
45 450 0.0508917716732 1.07097612117 0.505065588133 0.505065588133 0.536145079732 0.635047616986 0.696915539169 0.759090708168 0.780883410791 0.850878394126 0.87700475295 1.02006373603 1.07097612117
46 460 0.0533129461042 1.05143860231 0.497243081647 0.497243081647 0.531921094391 0.632560240247 0.700063784428 0.745562409 0.778696655834 0.844534887693 0.898931270759 1.00675669933 1.05143860231
47 470 0.0515841003963 1.03842619768 0.490219873104 0.490219873104 0.528503274554 0.625600109351 0.705457783725 0.732736262662 0.797864957198 0.837637332897 0.904874283215 1.02672844014 1.03842619768
48 480 0.0499526142669 1.03873408858 0.483905032694 0.483905032694 0.520792413244 0.616353014782 0.699269866272 0.736742668708 0.795225908763 0.841274139717 0.916157277319 1.01797602802 1.03873408858
49 490 0.0479326561874 1.06270508004 0.477426174603 0.477426174603 0.513976574467 0.608212174831 0.686502713055 0.724817474452 0.793835180453 0.837065511369 0.905886380772 1.0045677108 1.06270508004
50 500 0.0464006383998 1.05194977877 0.471571898136 0.471571898136 0.506795840257 0.613129418484 0.702505154765 0.716610875184 0.792022835006 0.824562827371 0.893069207783 0.988141482806 1.05194977877
51 510 0.0484595347299 1.05566759794 0.470588741475 0.470588741475 0.500935851721 0.605433901448 0.695393978401 0.721565104834 0.780752595667 0.817248675295 0.901637494355 0.995858834081 1.05566759794
52 520 0.0473576992849 1.12109966078 0.462794783829 0.462794783829 0.495220887374 0.596752322692 0.691928796997 0.724131252098 0.770610292959 0.834919284561 0.892936635698 0.983365252982 1.12109966078
53 530 0.0476895991908 1.13980711543 0.455972806858 0.455972806858 0.487165083639 0.594733070585 0.694604830662 0.7115710706 0.768351869706 0.826813275026 0.896219294968 0.966743079647 1.13980711543
54 540 0.0485693641409 1.14496587299 0.450745020258 0.450745020258 0.480727509866 0.585977097879 0.68374308578 0.708305295974 0.768853931633 0.821251615779 0.909972168708 0.961449710818 1.14496587299
55 550 0.0494641436883 1.16364991622 0.442806589266 0.442806589266 0.480045458279 0.585195291149 0.674981819493 0.714474638181 0.766270629859 0.809290380788 0.897216312486 0.946624159144 1.16364991622
56 560 0.0485827878083 1.20116568722 0.437021526503 0.437021526503 0.474551198682 0.579258283826 0.663332549373 0.708612248431 0.756900881401 0.81307440254 0.887684767844 0.966028167753 1.20116568722
57 570 0.0476074546208 1.23152717408 0.432750395427 0.432750395427 0.467162633363 0.570610796812 0.651699351127 0.698195060361 0.750414045533 0.804302538591 0.906412419001 0.955343403365 1.23152717408
58 580 0.0451947207176 1.25170317449 0.425036620393 0.425036620393 0.459258154916 0.562620267141 0.641001063074 0.693074660331 0.740155009488 0.792319712202 0.900989586892 0.951487505772 1.25170317449
59 590 0.0468802069746 1.24193503086 0.417038904002 0.417038904002 0.451739345057 0.555565863481 0.634693721498 0.688704459501 0.732493158294 0.792889070004 0.888262704216 0.971692643564 1.24193503086
60 600 0.0430827482322 1.2383890654 0.412195220697 0.412195220697 0.445999623792 0.550904447969 0.638607695916 0.71945620319 0.742849129823 0.783925704513 0.883631589608 0.974448041708 1.2383890654
61 610 0.0377864781556 1.21642948133 0.40454098238 0.40454098238 0.440270816171 0.545831999723 0.639437294537 0.707988392118 0.736558381053 0.773002389573 0.871267929898 0.965130669572 1.21642948133
62 620 0.0379684250808 1.20625641018 0.397996851372 0.397996851372 0.433071323877 0.537286577909 0.629893671584 0.704239704373 0.727494415176 0.761873233093 0.864899170629 0.960933669972 1.20625641018
63 630 0.0378010653653 1.26383238794 0.393661857423 0.393661857423 0.427832409325 0.528565195389 0.61955179049 0.705780030898 0.738542660736 0.749761246108 0.895429560852 0.965809348376 1.26383238794
64 640 0.037949118424 1.29632249246 0.391503865208 0.391503865208 0.421806078176 0.522733154449 0.619578463812 0.724175068559 0.7371553851 0.73932710429 0.897462014621 0.953505975757 1.29632249246
65 650 0.0380197503484 1.32688877912 0.385142671405 0.385142671405 0.415196435713 0.514902685756 0.608966495774 0.72265914654 0.727031735666 0.73203807939 0.905932099893 0.954510836794 1.32688877912
66 660 0.0379762054615 1.3438268882 0.378756403291 0.378756403291 0.407217992036 0.509450502914 0.615013776752 0.714644062958 0.720882920124 0.760825375488 0.903534254941 0.943603628386 1.3438268882
67 670 0.0357349915972 1.33205028974 0.371632372542 0.371632372542 0.399489238102 0.501690342784 0.613317951784 0.709138289681 0.711903108325 0.80289751684 0.907649196459 0.965090599867 1.33205028974
68 680 0.031565459614 1.31842637061 0.365432071626 0.365432071626 0.395162614168 0.49681514441 0.61560545719 0.699938848767 0.703556436455 0.795562846333 0.901520693708 0.966296555271 1.31842637061
69 690 0.0301758845768 1.3308095537 0.360334405483 0.360334405483 0.390241078107 0.487962161636 0.608851266457 0.689853293683 0.698429706023 0.792137889569 0.893104496093 0.950696395857 1.3308095537
70 700 0.0288104232779 1.33766709289 0.354594589757 0.354594589757 0.383692962516 0.482373207246 0.609352847459 0.687080883303 0.690137156734 0.821423453387 0.881143672302 0.93566737387 1.33766709289
71 710 0.0297203433332 1.34190542083 0.350682613056 0.350682613056 0.376916319259 0.477134646947 0.606634215915 0.680701979871 0.698921242362 0.815927779588 0.870186324658 0.951404518559 1.34190542083
72 720 0.0289714956423 1.34155714463 0.345544962862 0.345544962862 0.370428197877 0.468846029266 0.60401354717 0.69128043387 0.700005419448 0.820468399623 0.871811693754 0.990127577667 1.34155714463
73 730 0.0290361495999 1.33321744228 0.339854891262 0.339854891262 0.369867731823 0.462244164476 0.593560220979 0.684839518861 0.701263003522 0.811841516348 0.865503132602 0.993344482324 1.33321744228
74 740 0.0285918442188 1.31220981066 0.333532390084 0.333532390084 0.374918262615 0.46477543005 0.585856436029 0.681047825752 0.691429166654 0.797434547636 0.874615882378 0.992698413885 1.31220981066
75 750 0.0269081361695 1.29726524215 0.329357717551 0.329357717551 0.382068724684 0.458572612038 0.576392248738 0.671315062592 0.708318712716 0.809431959632 0.865086243306 0.98198627636 1.29726524215
76 760 0.0262316018972 1.27779796675 0.323187541728 0.323187541728 0.375006155277 0.450592632724 0.568114443549 0.667735821837 0.72113715757 0.805442404663 0.862725860178 0.978328281041 1.27779796675
77 770 0.0271911817021 1.2689637706 0.31918645529 0.31918645529 0.368455523121 0.443080432264 0.559489737118 0.664220270137 0.717716424608 0.820092328283 0.862324485471 0.96488447751 1.2689637706
78 780 0.0271432403009 1.25136194924 0.314581961437 0.314581961437 0.363732073133 0.445911935813 0.552065422949 0.652969463035 0.712542135048 0.852419970956 0.872212035646 0.956932015095 1.25136194924
79 790 0.0262888683533 1.23683278847 0.308931455986 0.308931455986 0.356943896436 0.440383061949 0.546332655538 0.664491144552 0.705019250526 0.844261516367 0.898290491388 0.938892095783 1.23683278847
80 800 0.0253723673987 1.24709843458 0.30378884172 0.30378884172 0.351641004679 0.434510184571 0.540030251913 0.666569015663 0.697099974442 0.832124443597 0.899445077468 0.925702197327 1.24709843458
81 810 0.0234822492099 1.24140110077 0.299697844111 0.299697844111 0.346307011843 0.426902749108 0.548015829744 0.666410426498 0.688784791767 0.823757379896 0.895814430046 0.922613950514 1.24140110077
82 820 0.0208836537956 1.23014232086 0.295944060521 0.295944060521 0.343535131969 0.422190126742 0.542347118613 0.659634333554 0.683399957424 0.815695031244 0.890327877317 0.916757733842 1.23014232086
83 830 0.0208092897801 1.20900894802 0.293037294026 0.293037294026 0.339658672499 0.417144379785 0.534622155553 0.653698894931 0.684529106722 0.806127858253 0.887984429037 0.915694949837 1.20900894802
84 840 0.0203068458136 1.19516421285 0.289725105355 0.289725105355 0.333947859844 0.411336770146 0.528651819842 0.649498129789 0.675883875368 0.798702561263 0.883287667268 0.98535872394 1.19516421285
85 850 0.0190298468184 1.19994486065 0.285842504682 0.285842504682 0.329895553843 0.40746117755 0.52446902586 0.646433436994 0.669806738457 0.802298107211 0.878839242314 0.980785297167 1.19994486065
86 860 0.0180514791147 1.19707000296 0.284823000538 0.284823000538 0.323918379191 0.405932004764 0.515816186337 0.647385096005 0.661193814515 0.794172018524 0.866883550881 0.979476943566 1.19707000296
87 870 0.0165245684108 1.18745000609 0.284224010209 0.284224010209 0.319127760588 0.403763434034 0.511863274999 0.642815450994 0.649302718761 0.797849683466 0.866964913883 0.962644739051 1.18745000609
88 880 0.0154892689161 1.18281186413 0.27932399968 0.27932399968 0.314228303839 0.398862275122 0.513510843001 0.635333542766 0.638615658756 0.790657890037 0.874243438233 0.951413084579 1.18281186413
89 890 0.0144797596114 1.18520637899 0.276069332139 0.276069332139 0.310216103653 0.392754871716 0.504009764628 0.62329038903 0.646151728196 0.779061961631 0.866460980934 0.936783176415 1.18520637899
90 900 0.0135671676473 1.19205517772 0.273034634573 0.273034634573 0.304898153622 0.387588129038 0.502625636454 0.613961904251 0.640865625506 0.775018515287 0.858812574825 0.930903451614 1.19205517772
91 910 0.0128318693119 1.20056007657 0.269823809091 0.269823809091 0.301683257223 0.387513601129 0.497251992525 0.604386121721 0.631487194954 0.767408545269 0.869493306609 0.923345266319 1.20056007657
92 920 0.0126318944994 1.19549731736 0.266246075433 0.266246075433 0.29628879569 0.383983145386 0.491947417834 0.596019052774 0.623518148942 0.75520505902 0.885640527003 0.906490380796 1.19549731736
93 930 0.012583080494 1.18308842801 0.262887874171 0.262887874171 0.291296589441 0.381868799207 0.491173257205 0.60752880586 0.619178809796 0.748775843903 0.89325119727 0.901660006219 1.18308842801
94 940 0.012948582368 1.16273824297 0.258434314186 0.258434314186 0.287039868732 0.377725135195 0.489727513639 0.610879361869 0.614474807057 0.765808860194 0.894162069142 0.906102278847 1.16273824297
95 950 0.0129481705605 1.17107907837 0.258132894428 0.258132894428 0.281739516862 0.370768598537 0.481625538986 0.60511495578 0.639976884819 0.772713635619 0.887056722474 0.902834587922 1.17107907837
96 960 0.012548343908 1.16051829201 0.25431000409 0.25431000409 0.276380068017 0.36766343975 0.48535563988 0.606070068799 0.634569337225 0.788869642832 0.877823249804 0.907494762124 1.16051829201
97 970 0.0119487631348 1.17449290329 0.249847230833 0.249847230833 0.275218498586 0.363785777805 0.478147772919 0.596923291273 0.649255093901 0.777200166705 0.874828583743 0.898890015894 1.17449290329
98 980 0.0122251368807 1.16291578884 0.245667003273 0.245667003273 0.272650258394 0.358513684888 0.470707091655 0.587540555141 0.663822404343 0.774055115468 0.865907024419 0.88259922732 1.16291578884
99 990 0.0123221758881 1.16265757682 0.242454786128 0.242454786128 0.270134936488 0.352962865726 0.463510484467 0.582622295907 0.663238664064 0.812724399788 0.860955679535 0.874311866676 1.16265757682
100 1000 0.0115484751193 1.15399254999 0.238692484489 0.238692484489 0.265457232242 0.347746811849 0.46122935602 0.572768642373 0.665252281688 0.817166073787 0.864093037144 0.881875155184 1.15399254999
101 1010 0.0108032222989 1.13992678201 0.238793273499 0.238793273499 0.26416476694 0.343083507951 0.454377749225 0.563985792236 0.659611669315 0.808532716682 0.850450788888 0.882587447316 1.13992678201
102 1020 0.0105864180468 1.13808852586 0.236434699214 0.236434699214 0.259113381228 0.342647153129 0.446929448076 0.554605656138 0.650542396292 0.795794009475 0.854871644262 0.887893709921 1.13808852586
103 1030 0.00979131936379 1.13581674565 0.233263387642 0.233263387642 0.254685303346 0.340520963299 0.44091400543 0.545225920959 0.641696194828 0.795154885248 0.860539816095 0.885085858557 1.13581674565
104 1040 0.00973101468137 1.13967736999 0.23111712122 0.23111712122 0.25543985583 0.339155820086 0.434702334607 0.545271302348 0.642208473518 0.783526750112 0.849629599022 0.879351809055 1.13967736999
105 1050 0.00945700641401 1.12705503427 0.227586946772 0.227586946772 0.250924542964 0.349412121597 0.429918668236 0.549877021415 0.638459459419 0.770143668672 0.835119186435 0.880932295633 1.12705503427
106 1060 0.00969873133834 1.11462015769 0.224656411108 0.224656411108 0.246876378566 0.346856367048 0.42449507636 0.550592165601 0.634479802026 0.763332278706 0.820660942916 0.903793351482 1.11462015769
107 1070 0.0105928663667 1.10707183545 0.223613438578 0.223613438578 0.243595435122 0.343399241297 0.420342803872 0.543969395022 0.64015682801 0.752678059276 0.811480705532 0.938202761433 1.10707183545
108 1080 0.0115834512633 1.1069184569 0.221337920784 0.221337920784 0.241313902263 0.348012440253 0.420737346192 0.547845415861 0.643886454276 0.748705818431 0.81501446008 0.991240504854 1.1069184569
109 1090 0.0115100664984 1.12214514556 0.220385396624 0.220385396624 0.238267243884 0.343558169616 0.414957819604 0.544882005326 0.637674743817 0.762871233857 0.823909139505 1.04044670599 1.12214514556
110 1100 0.0113653272446 1.13762938029 0.217665018067 0.217665018067 0.237750752247 0.339464984466 0.409589360432 0.537581278412 0.630801142731 0.754809197364 0.839210835168 1.04144481358 1.13762938029
111 1110 0.0114769382216 1.17219325203 0.214457424655 0.214457424655 0.234420965834 0.334278799345 0.405233643146 0.530286232924 0.619950904247 0.744505123761 0.829121370159 1.04028681464 1.17219325203
112 1120 0.0129509309425 1.17532940493 0.211021652291 0.211021652291 0.232361920113 0.335879378229 0.397820410419 0.540243293732 0.613710479808 0.738650114126 0.820113888304 1.0417518576 1.17532940493
113 1130 0.014446792187 1.1893977077 0.207838749636 0.207838749636 0.229620889414 0.333468360456 0.391120274788 0.543338983104 0.610345478635 0.745745398083 0.907670839633 1.03104965747 1.1893977077
114 1140 0.0142031569901 1.23297101676 0.206804784018 0.206804784018 0.226777612144 0.328612451389 0.384745743274 0.534352602507 0.603057293927 0.738294291339 0.938289439293 1.04436218804 1.23297101676
115 1150 0.0144802324987 1.22464804173 0.203489112288 0.203489112288 0.223174903795 0.324657918513 0.379468016278 0.52590060807 0.601651888785 0.726854979688 0.928551365532 1.04133818035 1.22464804173
116 1160 0.0150716730269 1.21294445802 0.201933219755 0.201933219755 0.220462139599 0.321278117408 0.376519439091 0.519792595839 0.602358932302 0.71943863142 0.967094190902 1.04250193479 1.21294445802
117 1170 0.0154089691369 1.27294963625 0.200926305092 0.200926305092 0.216751582375 0.31656784188 0.379809490694 0.519116714277 0.598057557872 0.707269809566 0.959395730471 1.03485185878 1.27294963625
118 1180 0.0142229619653 1.29888198232 0.197726823274 0.197726823274 0.214168269287 0.312049081928 0.377460443014 0.524622627801 0.599804424864 0.699497238358 0.947006736864 1.02800390718 1.29888198232
119 1190 0.0130593975154 1.29017470114 0.194674672323 0.194674672323 0.211702570048 0.3105907571 0.377935037465 0.520827045751 0.593446182808 0.689863945402 0.937299062164 1.02433444077 1.29017470114
120 1200 0.0127081454544 1.27643723114 0.191302840786 0.191302840786 0.208258118563 0.305913554027 0.377580243839 0.518258549743 0.587062583991 0.684483623243 0.930100865186 1.0089322495 1.27643723114
121 1210 0.0129762951696 1.26257106973 0.18776693148 0.18776693148 0.205915933391 0.300819757003 0.373387982307 0.516517094436 0.586483651821 0.684864343129 0.959821928656 1.01047789138 1.26257106973
122 1220 0.0137988044315 1.33766292329 0.184401845664 0.184401845664 0.203204425222 0.300741912763 0.369324368076 0.527203669921 0.579895565367 0.678052348929 0.954588657284 1.00284986544 1.33766292329
123 1230 0.013691220815 1.4422467862 0.181145533034 0.181145533034 0.201360009234 0.297647109192 0.364786499959 0.521728805098 0.581392213033 0.688330702492 0.946689172193 0.989450674959 1.4422467862
124 1240 0.0127884414411 1.47115270625 0.180704760609 0.180704760609 0.198780461901 0.293377564405 0.372586501737 0.517987151904 0.57389632575 0.680494975262 0.932075971721 0.9886486699 1.47115270625
125 1250 0.0119598996202 1.47505971301 0.179900048092 0.179900048092 0.195968075958 0.2885997466 0.368892119314 0.509897483468 0.57428986467 0.677402884293 0.928955195786 0.995280512627 1.47505971301
126 1260 0.0114515491763 1.47820003573 0.17751142117 0.17751142117 0.193263634058 0.283875890753 0.3623689911 0.50523424197 0.565935593201 0.678348908161 0.918184799542 0.982064258118 1.47820003573
127 1270 0.0115446593293 1.46738709527 0.174714349531 0.174714349531 0.194162530074 0.279692430704 0.357130182267 0.50066224379 0.557025046445 0.674425302257 0.916353315126 0.965722724507 1.46738709527
128 1280 0.0118051629345 1.53760876328 0.171710442234 0.171710442234 0.194512249197 0.28169625762 0.354671544366 0.493423024648 0.549352132835 0.690283604384 0.904202670572 0.965019881643 1.53760876328
129 1290 0.0128310020882 1.56520511569 0.173988467314 0.173988467314 0.192544648981 0.278220169468 0.351262788497 0.496419875605 0.541203057808 0.689444657132 0.915486229456 0.94893955728 1.56520511569
130 1300 0.014446664171 1.61875049887 0.172635648741 0.172635648741 0.192744559607 0.276609168943 0.356862171016 0.488410214162 0.532211450242 0.688480632861 0.909458119332 0.997435226572 1.61875049887
131 1310 0.016061067942 1.67983414671 0.170672258966 0.170672258966 0.190325307564 0.273097003697 0.356921589889 0.501456434477 0.524271603439 0.680509214758 0.901843910142 1.03804796502 1.67983414671
132 1320 0.0166616931529 1.74780871307 0.168197920314 0.168197920314 0.186937959456 0.269584099694 0.362890887044 0.49576007093 0.523161137958 0.675816725728 0.907484558543 1.03699516733 1.74780871307
133 1330 0.0166361820335 1.81115923177 0.166587710751 0.166587710751 0.184997579098 0.267309753214 0.357656199598 0.494697721104 0.51911928131 0.664976618731 0.898776988814 1.03169657996 1.81115923177
134 1340 0.0167824334175 1.83937457147 0.163587247206 0.163587247206 0.184859047239 0.267087580735 0.36140974544 0.488082148383 0.511683679642 0.653152502011 0.887464178747 1.02418188825 1.83937457147
135 1350 0.0178373126691 1.83338726948 0.160862846634 0.160862846634 0.183800265445 0.262972361686 0.358522920885 0.497962411979 0.511791917892 0.650345249421 0.894031141789 1.03303960322 1.83338726948
136 1360 0.0181740978846 1.85113420859 0.159073421054 0.159073421054 0.182609923718 0.258995261952 0.358781180851 0.494830537574 0.513038684261 0.659340614249 0.884087530487 1.03823089665 1.85113420859
137 1370 0.0179022208315 1.83887002612 0.15748775226 0.15748775226 0.182168116698 0.256779993973 0.35489098116 0.485990384982 0.508815836401 0.665297381019 0.880522869791 1.02987578379 1.83887002612
138 1380 0.0210175913433 1.85772240105 0.15495970753 0.15495970753 0.1791219533 0.254769877351 0.350526361385 0.483780317805 0.505204280199 0.656174058892 0.88455210513 1.02506794544 1.85772240105
139 1390 0.0235496812127 1.92483324958 0.153234694515 0.153234694515 0.176698082263 0.252040940874 0.353990666078 0.479093347676 0.504102736609 0.666699391107 0.885674560457 1.01378391489 1.92483324958
140 1400 0.0255340812206 1.89479258371 0.150475355024 0.150475355024 0.174012656014 0.25248914975 0.352413874076 0.473108889995 0.498596665851 0.658792369779 0.886877103293 1.0174136634 1.89479258371
141 1410 0.0235153568553 1.86026736808 0.148445776724 0.148445776724 0.172085113804 0.249014350198 0.347559248202 0.467023656523 0.50161739191 0.661406646716 0.876810439478 1.08452468525 1.86026736808
142 1420 0.0219672570851 1.84047710389 0.147013243265 0.147013243265 0.169507471932 0.244938538413 0.343654615367 0.475407886785 0.504073077792 0.650367531709 0.866686830195 1.07642797744 1.84047710389
143 1430 0.0201243657086 1.86116677048 0.14492755537 0.14492755537 0.166395664365 0.240574298117 0.340139113662 0.46783206116 0.503910362731 0.653829291975 0.85092485968 1.07552489667 1.86116677048
144 1440 0.0173641607528 1.8379556052 0.142736611088 0.142736611088 0.163615751605 0.236537864399 0.336121620967 0.467854982742 0.50055244233 0.651799446651 0.839876960489 1.05685301766 1.8379556052
145 1450 0.0155157509218 1.82145438983 0.14016557121 0.14016557121 0.160846011991 0.233272867266 0.331384818153 0.460227765344 0.495711346233 0.658885209524 0.832120508475 1.04129619328 1.82145438983
146 1460 0.0135904099731 1.80056430766 0.137615594799 0.137615594799 0.158291827171 0.229364603851 0.326254452765 0.453154365636 0.489169127512 0.653663405343 0.820191007966 1.0268122904 1.80056430766
147 1470 0.0134510128959 1.77337029661 0.135487913847 0.135487913847 0.155578888546 0.225672329579 0.322098448189 0.451729177262 0.483862724474 0.652344433942 0.807510737043 1.02227813096 1.77337029661
148 1480 0.01299956805 1.7612991341 0.134869604892 0.134869604892 0.153164267208 0.22327680012 0.325472227624 0.448398126939 0.482117266451 0.659130385754 0.806483407028 1.02216089024 1.7612991341
149 1490 0.0132700934709 1.75292770901 0.133273835938 0.133273835938 0.150900250286 0.220443225045 0.322305827288 0.455824062787 0.475910668403 0.649066105885 0.799819022669 1.02184880553 1.75292770901
150 1500 0.0130996354599 1.81906829606 0.13398572646 0.13398572646 0.149984120869 0.216401680474 0.319295813022 0.44920931345 0.475298351416 0.649917007095 0.790349645734 1.03015133744 1.81906829606
151 1510 0.0130378580839 1.82272685183 0.133284996264 0.133284996264 0.14894605377 0.216057549923 0.326616844806 0.442626464254 0.469059021969 0.654944568594 0.781531731743 1.02745840007 1.82272685183
152 1520 0.0123724650576 1.81817559062 0.132735254581 0.132735254581 0.147035246517 0.212156244089 0.322049157029 0.438510148282 0.478694253339 0.653035797668 0.781039240447 1.02313585057 1.81817559062
153 1530 0.0115678031091 1.82592279643 0.130690943215 0.130690943215 0.144777965645 0.209344375516 0.319391526867 0.443232000799 0.474456017406 0.643159799467 0.76777373178 1.03561582354 1.82592279643
154 1540 0.01162895109 1.84557719793 0.132169316102 0.132169316102 0.144119880879 0.208443887947 0.314504658013 0.4354732318 0.474181333161 0.639601154852 0.775518302268 1.03429915865 1.84557719793
155 1550 0.0131983201468 1.85042146015 0.130555845199 0.130555845199 0.144587274887 0.206968848002 0.310467135378 0.433368300378 0.471089147455 0.67582100323 0.769263214179 1.01777901862 1.85042146015
156 1560 0.0148803123961 1.93488951346 0.128429855049 0.128429855049 0.142117648448 0.206019318168 0.310439136045 0.431072120252 0.46448346152 0.70486011951 0.796176407364 1.0048634999 1.93488951346
157 1570 0.0152082525874 2.01836605308 0.126399959566 0.126399959566 0.140676418753 0.202728335108 0.309325577867 0.42672777084 0.456635462776 0.710312373762 0.803718944038 1.00065543412 2.01836605308
158 1580 0.0167265378402 2.06014463049 0.12420857264 0.12420857264 0.140479818439 0.202494485872 0.304991772874 0.419153521679 0.451759925457 0.702119599087 0.800816132272 0.983609398914 2.06014463049
159 1590 0.017021497119 2.13094390765 0.122693492261 0.122693492261 0.139450332802 0.20055451312 0.299554811572 0.416825892527 0.451011868165 0.704064298439 0.830778366872 0.966801150846 2.13094390765
160 1600 0.0170401069338 2.13003994817 0.120569629462 0.120569629462 0.137350147339 0.204029532997 0.298620044653 0.411070596924 0.448597938359 0.694678927662 0.827761161003 0.95527996315 2.13003994817
161 1610 0.0162969802017 2.15062599992 0.118495430043 0.118495430043 0.136218348639 0.201389475295 0.299658489213 0.407857781647 0.459299772583 0.690663854659 0.824412063386 0.95063881177 2.15062599992
162 1620 0.0153230370235 2.12671118826 0.116469855226 0.116469855226 0.134880033718 0.202941481608 0.300110570378 0.401404101519 0.459198124988 0.679873290525 0.825877626814 0.944610901185 2.12671118826
163 1630 0.0135999233437 2.11723702039 0.114422454957 0.114422454957 0.133224990596 0.201259031101 0.297314856069 0.402126245482 0.459865484148 0.667160317281 0.830419780289 0.93259241062 2.11723702039
164 1640 0.0139329022171 2.09785471644 0.112604467783 0.112604467783 0.130926594244 0.198490371588 0.296042999622 0.395658827187 0.452870791922 0.655328315701 0.818699243236 0.919805312707 2.09785471644
165 1650 0.0148591250871 2.23212583919 0.113603838952 0.113603838952 0.128866399016 0.197008555453 0.291613942833 0.389769693582 0.446054184136 0.647300170659 0.812296637892 0.908252986864 2.23212583919
166 1660 0.014653043459 2.31833238098 0.111710294567 0.111710294567 0.126663472342 0.193934557569 0.286251944744 0.384102140764 0.453071233021 0.63881361977 0.825643029102 0.904377963062 2.31833238098
167 1670 0.0154851187067 2.3187138069 0.111294412972 0.111294412972 0.125628730688 0.191956765388 0.284689684962 0.389016091613 0.449187332565 0.63419059391 0.817906306205 0.892975018219 2.3187138069
168 1680 0.0154030918962 2.40441647571 0.109470869372 0.109470869372 0.123472012162 0.188435853672 0.283328668413 0.393564483786 0.442256763009 0.623067396207 0.811836801195 0.900982527718 2.40441647571
169 1690 0.0144741420257 2.41292212666 0.108120834587 0.108120834587 0.122016659604 0.187788848099 0.280544407262 0.390633773973 0.436829941684 0.613983967043 0.807700901191 0.896955228838 2.41292212666
170 1700 0.0136488209049 2.43264954029 0.107001205457 0.107001205457 0.121397596304 0.187928251958 0.275129990995 0.39163477404 0.431224346185 0.607339000278 0.800072719124 0.883847602636 2.43264954029
171 1710 0.0125027328983 2.41914586008 0.106192273301 0.106192273301 0.121507198046 0.18542196977 0.270741039585 0.393888606634 0.423465669247 0.599535316217 0.790455705499 0.879424122408 2.41914586008
172 1720 0.0114838932594 2.40181131204 0.104381272265 0.104381272265 0.120551317732 0.183077095213 0.270498904228 0.396081703768 0.415267782362 0.591779616555 0.783441002385 0.886154194176 2.40181131204
173 1730 0.0106442510344 2.37378127131 0.103174758775 0.103174758775 0.118639423799 0.181711443208 0.265582692706 0.391477989679 0.411845040893 0.586711193866 0.796386287469 0.876550442246 2.37378127131
174 1740 0.00984498753327 2.35584052362 0.10227084523 0.10227084523 0.117923060049 0.178362980373 0.261374994619 0.395949631786 0.404363928094 0.578654549905 0.792520644602 0.868056488603 2.35584052362
175 1750 0.00982330371208 2.33774688716 0.10250996404 0.10250996404 0.115968659387 0.175449200673 0.258683749769 0.390357824919 0.402815850242 0.572936218638 0.797499195277 0.859431861701 2.33774688716
176 1760 0.00956669102399 2.33190335909 0.101744135024 0.101744135024 0.114247485021 0.172985378459 0.255141226916 0.397110568608 0.40637824735 0.577339492511 0.793590791354 0.865387569983 2.33190335909
177 1770 0.00950995515455 2.30258049823 0.100840505054 0.100840505054 0.114201479556 0.170353752694 0.255565637736 0.390822020482 0.410373199325 0.568668167703 0.786204963448 0.850794396576 2.30258049823
178 1780 0.0102219129216 2.26803312624 0.0998232473655 0.0998232473655 0.113379908657 0.167331404819 0.260848648197 0.391059387125 0.408944380978 0.56777126905 0.775255206034 0.835167758009 2.26803312624
179 1790 0.010863701632 2.22585002901 0.099123747608 0.099123747608 0.111392589517 0.164747630467 0.262131568684 0.38667047334 0.459581821602 0.565100943871 0.770080304513 0.830909978481 2.22585002901
180 1800 0.0107923832673 2.19335276092 0.0975587051471 0.0975587051471 0.109890774031 0.162572491926 0.261097822208 0.385268439195 0.472675768374 0.557737144806 0.792211280875 0.822412140272 2.19335276092
181 1810 0.0109109016477 2.15431012189 0.0965706240348 0.0965706240348 0.108481378769 0.162446008624 0.258094030895 0.379340196897 0.473309391468 0.547642114621 0.781999068037 0.831121425933 2.15431012189
182 1820 0.00977627814901 2.14998667123 0.0961906695744 0.0961906695744 0.10715515053 0.160645645974 0.253702381597 0.373171034801 0.47120097319 0.539967740272 0.787664326517 0.854902283203 2.14998667123
183 1830 0.00941796343913 2.12560088194 0.0943834151192 0.0943834151192 0.105575455359 0.158446338999 0.249215713814 0.369210145926 0.465535270224 0.53974380466 0.775692589408 0.853452051359 2.12560088194
184 1840 0.00895969315063 2.16310567404 0.0930219930181 0.0930219930181 0.104356436749 0.157772856267 0.251233263657 0.365008984817 0.458593337841 0.541656846004 0.778271572569 0.864299914442 2.16310567404
185 1850 0.00863950235287 2.13547108285 0.0913847810274 0.0913847810274 0.105094596045 0.156114643918 0.250037919618 0.362424920749 0.460519305435 0.538238728404 0.769397125843 0.875267055713 2.13547108285
186 1860 0.00852242136261 2.1184190397 0.0898546509992 0.0898546509992 0.104452546033 0.15424065853 0.248609855812 0.371125261587 0.460226537431 0.528589419837 0.774555101745 0.874322361138 2.1184190397
187 1870 0.00853562390789 2.09387684012 0.0896659998262 0.0896659998262 0.10272145585 0.152406543391 0.246180185825 0.374092272455 0.453656930582 0.536726017438 0.770571640462 0.900057554207 2.09387684012
188 1880 0.0083874909046 2.07440234993 0.0882749965447 0.0882749965447 0.101039961856 0.153114203374 0.244665862027 0.380464948853 0.450536899489 0.530105367149 0.79536646992 0.893202650259 2.07440234993
189 1890 0.00817882111732 2.04851862116 0.0874383879267 0.0874383879267 0.100560674165 0.151814230725 0.242530962606 0.375960653619 0.455511232198 0.52117027136 0.796465252962 0.909693852335 2.04851862116
190 1900 0.00811793063173 2.01653961873 0.0869661720571 0.0869661720571 0.0994249859988 0.151316894709 0.239062064265 0.387041877825 0.454214570164 0.516404865922 0.785982967462 0.922195129616 2.01653961873
191 1910 0.0084801919445 1.97918790323 0.0864407600607 0.0864407600607 0.0975494141314 0.152936202762 0.235131625843 0.389573110693 0.447411210186 0.516753533398 0.776923955463 0.914243059482 1.97918790323
192 1920 0.00745698735806 1.94913193173 0.0851950216929 0.0851950216929 0.0969695471144 0.156501359864 0.235107757958 0.39749900475 0.444380377301 0.511814046313 0.764699514463 0.90275986606 1.94913193173
193 1930 0.00715483479385 1.94193050887 0.0849420285715 0.0849420285715 0.0959208652765 0.157188556732 0.231184625198 0.394998258132 0.43773859746 0.50605737425 0.754242146411 0.897006591496 1.94193050887
194 1940 0.00644154099583 1.95223677043 0.0837822717306 0.0837822717306 0.0950642033685 0.158063709284 0.230959739378 0.391005271443 0.432748918924 0.497046860864 0.763682756269 0.887327245038 1.95223677043
195 1950 0.00574434772514 1.93246702455 0.0827982272288 0.0827982272288 0.0940258790748 0.157266048147 0.228086540301 0.384804484227 0.429927046356 0.489435768483 0.759828228493 0.874845309229 1.93246702455
196 1960 0.00558243240298 1.92091684975 0.0818477212317 0.0818477212317 0.0928714146852 0.155239723577 0.227338366039 0.378753937391 0.425353181538 0.48803593111 0.753094661022 0.861872903491 1.92091684975
197 1970 0.00550384317101 1.95709638568 0.0821171200823 0.0821171200823 0.092021069239 0.152828705193 0.230006220414 0.374538147776 0.424945853509 0.480471460451 0.74446722595 0.848859866433 1.95709638568
198 1980 0.00529731212728 1.96411027043 0.0822414661179 0.0822414661179 0.0913592544791 0.15164348724 0.226975620543 0.370062507455 0.436088656661 0.48111761736 0.736031548356 0.832909662298 1.96411027043
199 1990 0.00532674524815 1.94611863899 0.0809990021281 0.0809990021281 0.0897636712595 0.149498890574 0.227169842811 0.364183186797 0.439521980714 0.479084794849 0.734766170325 0.821221506372 1.94611863899
200 2000 0.00517353089706 1.95297763863 0.0800053855649 0.0800053855649 0.0890285978383 0.147363586972 0.226305678563 0.361272674868 0.443195556493 0.476739557054 0.731742495941 0.817864029912 1.95297763863
201 2010 0.00528228524695 1.95991456267 0.0785946914966 0.0785946914966 0.0894356692685 0.145820949912 0.222700168905 0.355204234811 0.447201698474 0.471293527092 0.72458957148 0.80683424278 1.95991456267
202 2020 0.00555467031006 1.93166492411 0.0784186945452 0.0784186945452 0.0894588013579 0.143566377805 0.220262645709 0.353571937797 0.449064820298 0.465908752074 0.711292612592 0.850208044933 1.93166492411
203 2030 0.0063917145676 1.93567158484 0.0770660924893 0.0770660924893 0.0896120780725 0.141575428347 0.218175547024 0.353316485939 0.446603390769 0.458622084224 0.72642806285 0.883844956159 1.93567158484
204 2040 0.0069978273169 1.91663262112 0.0764418109075 0.0764418109075 0.0887543665363 0.140254764627 0.219964579042 0.351044569901 0.453128153867 0.463018245709 0.730382718634 0.912528511456 1.91663262112
205 2050 0.00789067954722 1.88757315795 0.0752517007505 0.0752517007505 0.0871795216006 0.138251884459 0.220294993708 0.351237517971 0.444267768504 0.464882561089 0.719151490963 0.939082986381 1.88757315795
206 2060 0.00847953469661 1.91352928824 0.0739334974825 0.0739334974825 0.0863436373766 0.13582021081 0.216832879641 0.349765039366 0.440315255454 0.460455734057 0.722705685931 1.00495439909 1.91352928824
207 2070 0.00854856146024 1.91248360494 0.0738128314237 0.0738128314237 0.0857619503596 0.133915361754 0.218339313112 0.355419512685 0.435062579287 0.457427338754 0.724555660684 1.02866980257 1.91248360494
208 2080 0.0078050450881 1.90000413436 0.0728401250022 0.0728401250022 0.0841942117513 0.133293495154 0.215955445855 0.350493252715 0.42893708986 0.457391151343 0.724714165445 1.02232345484 1.90000413436
209 2090 0.00717850254948 1.87183573904 0.0728816029267 0.0728816029267 0.0827260084737 0.131600715399 0.212151991464 0.345593246569 0.424846668706 0.458305131937 0.713472619374 1.01970875633 1.87183573904
210 2100 0.0068020120623 1.84611914162 0.0723393314093 0.0723393314093 0.0814145831795 0.129501105279 0.208428460755 0.342118605236 0.432864831819 0.457470669852 0.703542992697 1.01478256586 1.84611914162
211 2110 0.00621339692407 1.81455714178 0.071110281275 0.071110281275 0.0805996361639 0.128400540066 0.205449857686 0.339610027763 0.429634809781 0.46172029763 0.697838169183 1.0178539025 1.81455714178
212 2120 0.00602924051852 1.7876921271 0.069847448985 0.069847448985 0.0804693149759 0.126502351756 0.202221201929 0.335294852512 0.423880271156 0.456660064465 0.69063961499 1.01930794859 1.7876921271
213 2130 0.0058936479169 1.79646631177 0.0688668599338 0.0688668599338 0.0791976194972 0.124467547846 0.198832089395 0.338024027939 0.436438388326 0.449473206696 0.683477605943 1.01446188573 1.79646631177
214 2140 0.00597905839708 1.77931124817 0.0692326650587 0.0692326650587 0.0778230637386 0.122569304478 0.197164675711 0.337817178562 0.438199539952 0.444384413439 0.692808756538 1.00067080872 1.77931124817
215 2150 0.00653128600075 1.82637203832 0.068665847355 0.068665847355 0.0768107304674 0.121380304633 0.196113876779 0.337954618314 0.438110231367 0.438843559823 0.685857866696 1.006777634 1.82637203832
216 2160 0.00664032481185 1.92262919357 0.0677383572646 0.0677383572646 0.0757959437507 0.120108891715 0.193148252795 0.337922173289 0.431677061293 0.442144771639 0.67948751336 1.05200955532 1.92262919357
217 2170 0.00664613441458 1.94123433304 0.0671752722639 0.0671752722639 0.0753087572274 0.119065220349 0.191663708159 0.337600638142 0.426332981112 0.44523894975 0.674648724347 1.04373477808 1.94123433304
218 2180 0.00645970148338 1.94101809894 0.067056045615 0.067056045615 0.0742828988552 0.118521161174 0.189750166173 0.336650258459 0.429524738333 0.440010458457 0.665189944447 1.03724441447 1.94101809894
219 2190 0.00596969628583 1.95508452542 0.0661151169748 0.0661151169748 0.0737176430913 0.117890622486 0.188118178645 0.333783542122 0.425220742481 0.43277932277 0.656597167577 1.03553201578 1.95508452542
220 2200 0.00602294417576 1.96274778174 0.0649832004981 0.0649832004981 0.0723955440367 0.115984041743 0.186680398654 0.327575681085 0.419683261078 0.428960921407 0.646691009141 1.02638375165 1.96274778174
221 2210 0.00603067320428 1.94386824739 0.0641215840014 0.0641215840014 0.0727088376909 0.117106751819 0.183500936654 0.325886257654 0.422634981432 0.447148598779 0.655506177143 1.01692585493 1.94386824739
222 2220 0.00588584385418 1.91884957473 0.0634401216377 0.0634401216377 0.0739422851646 0.117525884213 0.181723232752 0.321437963261 0.421664541132 0.446962856641 0.665460973744 1.01117524674 1.91884957473
223 2230 0.00596832094326 1.94901121678 0.0625524956984 0.0625524956984 0.072814920613 0.116645982906 0.179749803996 0.316830717101 0.418073357244 0.442337186738 0.658180088525 0.998350750476 1.94901121678
224 2240 0.00577685884461 1.93130770283 0.0614576129399 0.0614576129399 0.0727965676224 0.119057472215 0.179072563463 0.31829988942 0.41403194426 0.436673905522 0.656796386379 0.990521017641 1.93130770283
225 2250 0.00566216736293 1.92479461515 0.0613553330117 0.0613553330117 0.0725089931758 0.118379959462 0.176325806823 0.320990268165 0.409621882726 0.430427001605 0.651847033219 0.990963305876 1.92479461515
226 2260 0.00629858018509 1.89705453839 0.0603544016361 0.0603544016361 0.0723790183115 0.118316050663 0.173891666339 0.325362642678 0.405026872026 0.428066849351 0.655669111768 0.995294838997 1.89705453839
227 2270 0.00691882265998 1.86819921 0.0596991518576 0.0596991518576 0.0720107000498 0.116838353202 0.173497097397 0.327313497268 0.40633696293 0.42291872212 0.684192114123 1.03427273426 1.86819921
228 2280 0.00693454872072 1.87359751558 0.0596390168365 0.0596390168365 0.0720504661758 0.115181791934 0.171164918947 0.32370708707 0.403399891765 0.415356390298 0.697502799192 1.05656152399 1.87359751558
229 2290 0.00740167002777 1.8857445775 0.0596298247512 0.0596298247512 0.0708648390761 0.114724254345 0.169447890918 0.32028579379 0.405819115804 0.41429813718 0.688866282973 1.07253798893 1.8857445775
230 2300 0.00777867725465 2.02872900075 0.0590642861782 0.0590642861782 0.0713236084564 0.114392963879 0.166702138566 0.317628358815 0.400867619293 0.407801576056 0.689347350907 1.06579160609 2.02872900075
231 2310 0.00799798412591 2.06846446548 0.05838541891 0.05838541891 0.0703837547975 0.11274057038 0.166693176994 0.315170375366 0.400684453228 0.424225070604 0.690762980635 1.05734577948 2.06846446548
232 2320 0.00839395228184 2.0937504491 0.0577211138913 0.0577211138913 0.0694678140436 0.111569834497 0.164931829517 0.313289363922 0.393423318161 0.430896949508 0.703544849514 1.05692470641 2.0937504491
233 2330 0.0086145832564 2.12061560327 0.0567812532215 0.0567812532215 0.0688187105514 0.109858100809 0.17010277627 0.309514026533 0.397524805552 0.43164627269 0.699174353015 1.05726773427 2.12061560327
234 2340 0.00907067206615 2.11331745066 0.0569623988775 0.0569623988775 0.0684023897197 0.108295566412 0.168315265764 0.305739026181 0.397294090027 0.438174782539 0.688724894677 1.07097824614 2.11331745066
235 2350 0.00904329357816 2.17535821826 0.0571648758144 0.0571648758144 0.0677125672123 0.106445671144 0.166561159002 0.306563119345 0.395607386991 0.437006188352 0.676696761378 1.07609216609 2.17535821826
236 2360 0.00945973316416 2.20761218623 0.0560800963898 0.0560800963898 0.0670969068604 0.106350617127 0.163768331696 0.308655941263 0.38888075052 0.43447041301 0.67194265116 1.07224040717 2.20761218623
237 2370 0.00941302479732 2.3650114914 0.0553732731306 0.0553732731306 0.0660088727188 0.106152954207 0.161276548226 0.309478094977 0.38300510838 0.428179874706 0.666935238315 1.0681753749 2.3650114914
238 2380 0.0100692903424 2.3668938029 0.0543867651438 0.0543867651438 0.0656654311368 0.10607926254 0.162517889186 0.307447023059 0.378676905986 0.429016520719 0.654475338228 1.07431768446 2.3668938029
239 2390 0.0114899323447 2.45827713006 0.0540761508731 0.0540761508731 0.0653923992386 0.10517625826 0.159813398042 0.305086006337 0.376883426757 0.444201981242 0.648729904838 1.06058335296 2.45827713006
240 2400 0.0130309389019 2.50139224741 0.0533958877949 0.0533958877949 0.0649186156386 0.106347156051 0.159125822698 0.304589320955 0.382390644001 0.449620732032 0.663170437944 1.09990489529 2.50139224741
241 2410 0.0136587744491 2.56140401558 0.0524356837728 0.0524356837728 0.0637616429336 0.105366032008 0.158012152216 0.311013984382 0.376378268511 0.457608980013 0.664516575277 1.10352948598 2.56140401558
242 2420 0.0155861975425 2.65330873298 0.0515746647602 0.0515746647602 0.0636580463355 0.103437358699 0.155641108714 0.309689255313 0.37046491958 0.454049225494 0.65885779484 1.0954628341 2.65330873298
243 2430 0.01611871275 2.85902913849 0.0520301199452 0.0520301199452 0.0632080770347 0.101617603241 0.152625920743 0.308129848209 0.365147732162 0.46125558168 0.659296180381 1.09293756635 2.85902913849
244 2440 0.016501802749 2.89615735295 0.0516180760827 0.0516180760827 0.0624293526684 0.101216328676 0.15125398027 0.302668513725 0.363037212836 0.463676182876 0.653010792312 1.08163690904 2.89615735295
245 2450 0.0154269401855 2.87684924175 0.0533209240348 0.0533209240348 0.0617157809012 0.100219062795 0.149374314121 0.305774803576 0.366577675578 0.457668725644 0.658814925955 1.06317553139 2.87684924175
246 2460 0.0140469104193 2.86458836776 0.0527033096943 0.0527033096943 0.0605986594774 0.0989320902439 0.15022203124 0.301619176714 0.362475767674 0.4547973619 0.659341171881 1.05011961531 2.86458836776
247 2470 0.0123370014234 2.83204351431 0.0520669598683 0.0520669598683 0.0597269056263 0.0988837722557 0.148081621811 0.301204408668 0.359898129014 0.453724674742 0.653745225839 1.04526179723 2.83204351431
248 2480 0.011325219602 2.79432403688 0.0518844653418 0.0518844653418 0.0607528661347 0.0979438075236 0.14671338491 0.298335586714 0.35934121744 0.454424887001 0.642419283397 1.04205861852 2.79432403688
249 2490 0.0108474325198 2.75256327592 0.0523340623102 0.0523340623102 0.0601323713095 0.0962313999106 0.145681071714 0.293154470743 0.353416964665 0.447165958533 0.633144102197 1.04610723025 2.75256327592
250 2500 0.0108480342103 2.74676447419 0.0513714305327 0.0513714305327 0.0602189857355 0.095472504288 0.14404003804 0.293061522512 0.347682338874 0.441674792681 0.626317535317 1.02961546018 2.74676447419
251 2510 0.00997866063935 2.71127842722 0.0510193771727 0.0510193771727 0.0631000898181 0.0936131302585 0.141833631493 0.292174721823 0.352015963701 0.43847752848 0.625322520702 1.01449234179 2.71127842722
252 2520 0.0106372342726 2.70105428217 0.0502045661643 0.0502045661643 0.0627897315756 0.0924544680643 0.141280553822 0.287404264717 0.351200606205 0.437974442839 0.619080326052 0.996165761159 2.70105428217
253 2530 0.0103119215153 2.78970405664 0.0493527640058 0.0493527640058 0.0652234279839 0.0912791318559 0.138682802885 0.282497672575 0.349630530659 0.43497721444 0.648818245128 0.976687013432 2.78970405664
254 2540 0.00925722113318 2.76439740818 0.0490828055744 0.0490828055744 0.0651765676763 0.0902538874912 0.136658055238 0.279688750744 0.344485281687 0.427403468935 0.648445241827 0.967085366079 2.76439740818
255 2550 0.00798686195326 2.71888618521 0.0483769367679 0.0483769367679 0.0642743265572 0.0890992146809 0.135379130838 0.276642368683 0.340469749747 0.42787791761 0.647128147451 0.954904908055 2.71888618521
256 2560 0.0072750711782 2.68596953037 0.0475125984468 0.0475125984468 0.0638720341194 0.0875885533417 0.133313542895 0.272325616388 0.334694143109 0.42613546782 0.635847866211 0.949379570915 2.68596953037
257 2570 0.00716005571402 2.68083082088 0.0468544503767 0.0468544503767 0.06311183333 0.086735354865 0.131861071119 0.270149553329 0.331871090523 0.421005081032 0.630788451641 0.938995328428 2.68083082088
258 2580 0.00770136871228 2.68315167197 0.046391640108 0.046391640108 0.0627528356704 0.0864889347906 0.130868216131 0.265980822394 0.337404770363 0.426232291711 0.629340962192 0.923280748413 2.68315167197
259 2590 0.00816193200627 2.78217749143 0.0462469254464 0.0462469254464 0.0621166940739 0.0889311419365 0.129010617621 0.262200124358 0.331636529565 0.427545325658 0.643696117388 0.907608447954 2.78217749143
260 2600 0.0080793911405 2.8270776738 0.0455788962784 0.0455788962784 0.0612413754817 0.0884164307513 0.127779900191 0.261902846439 0.326003737134 0.424079202785 0.658912202112 0.895558905041 2.8270776738
261 2610 0.00813189767967 2.8194455145 0.0453356900859 0.0453356900859 0.0615496302034 0.0880437744451 0.126394664832 0.257887348125 0.324211933377 0.419248698432 0.657889036124 0.887933271846 2.8194455145
262 2620 0.00829997372652 2.79468846116 0.0446558888122 0.0446558888122 0.0610372152536 0.0876830885579 0.12485202817 0.254994783659 0.324428147277 0.425851874927 0.649550432444 0.902282469481 2.79468846116
263 2630 0.00839818689045 2.81356082256 0.0447586910221 0.0447586910221 0.0601243393987 0.0873679770066 0.124147117454 0.25267528991 0.319819932349 0.426656899628 0.651401034173 0.907407464127 2.81356082256
264 2640 0.00812450842712 2.81920485128 0.0440389934739 0.0440389934739 0.0591894274496 0.087065670247 0.122435594254 0.248431862767 0.315968718305 0.434741882653 0.655155888024 0.902341372725 2.81920485128
265 2650 0.00794724077505 2.82549185467 0.0439326273743 0.0439326273743 0.0581866459131 0.0859700610314 0.120468841065 0.243924813142 0.311873951962 0.432649603517 0.65608475301 0.896141982332 2.82549185467
266 2660 0.00752896275959 2.79397436758 0.0433612902168 0.0433612902168 0.05758416426 0.0855686727778 0.119349557614 0.239661702668 0.318068240881 0.426020102229 0.654624254534 0.881534425836 2.79397436758
267 2670 0.00735004780068 2.75277732393 0.0428521464777 0.0428521464777 0.0567251700754 0.0847004040377 0.117631290115 0.235218729753 0.31497847686 0.426139513331 0.663402203781 0.884510397204 2.75277732393
268 2680 0.00676238534725 2.75380559148 0.0421907924504 0.0421907924504 0.056296255587 0.0833544688909 0.116009408874 0.233372175398 0.31269389321 0.423725373915 0.660504048528 0.884207350365 2.75380559148
269 2690 0.00662538684831 2.74764125522 0.0417098797665 0.0417098797665 0.0557454417209 0.0819125069481 0.114348467195 0.232534113904 0.312323002733 0.426760730995 0.651537427381 0.879610951177 2.74764125522
270 2700 0.00681992654957 2.81868113082 0.0410047331952 0.0410047331952 0.0549678059506 0.0810295080236 0.113981605235 0.231911582888 0.309231187054 0.432634751007 0.643844756894 0.870000893572 2.81868113082
271 2710 0.00715120133196 2.79975359981 0.0405101199534 0.0405101199534 0.0553964953754 0.0800816819009 0.113210320712 0.228686073199 0.305002838263 0.459700953978 0.637799673639 0.854663567471 2.79975359981
272 2720 0.007840358641 2.81383701393 0.0401186666234 0.0401186666234 0.055077326284 0.07902461917 0.112106193782 0.224277167932 0.303270802043 0.473465421913 0.633079129382 0.843892245877 2.81383701393
273 2730 0.00787555386305 2.77725803052 0.0397633970316 0.0397633970316 0.0548337614889 0.0785959148075 0.110843944588 0.221911118198 0.311989197139 0.480339399418 0.668427881009 0.834118590484 2.77725803052
274 2740 0.00828843202863 2.79448575381 0.0402315473075 0.0402315473075 0.0540730487494 0.0775260103433 0.109259190029 0.219381381675 0.30786769308 0.475304618876 0.672145136183 0.821230316567 2.79448575381
275 2750 0.00858490419637 2.76731797149 0.0397763215066 0.0397763215066 0.0534708476569 0.0769045797273 0.109790786229 0.215471521596 0.312925460648 0.481519978694 0.676909510979 0.834466132185 2.76731797149
276 2760 0.00859825864859 2.74315701527 0.0393461323344 0.0393461323344 0.0525184580211 0.0759369791046 0.108026695098 0.212397277963 0.31104450543 0.479418911039 0.684186468146 0.830865731853 2.74315701527
277 2770 0.00912516293326 2.71996300919 0.0388573016694 0.0388573016694 0.0519804504269 0.0757481457394 0.108336146688 0.209952745319 0.312549431838 0.471961775625 0.687404866272 0.826784953378 2.71996300919
278 2780 0.00907228545235 2.67888644834 0.0383772515824 0.0383772515824 0.0511660463388 0.0757314459727 0.107958719234 0.206500205951 0.315606787711 0.489461974475 0.677358617187 0.83685108505 2.67888644834
279 2790 0.00877549306594 2.7116847177 0.0377631086878 0.0377631086878 0.0504568150293 0.0758677431901 0.106356922271 0.203650722129 0.311134227429 0.490442357511 0.667247651317 0.840376744113 2.7116847177
280 2800 0.00841804803178 2.69397003464 0.0374861131479 0.0374861131479 0.0496927000147 0.075450869753 0.106896341345 0.200525530712 0.309283074068 0.486808307477 0.662254873767 0.845076320571 2.69397003464
281 2810 0.00803955886273 2.66593094966 0.0378063145673 0.0378063145673 0.0495787692129 0.0746142275522 0.106415853054 0.198496439423 0.305861184488 0.483853818316 0.660764265887 0.843123813891 2.66593094966
282 2820 0.0082383269356 2.68346316867 0.0372211507394 0.0372211507394 0.0489004609577 0.0743194307255 0.104555969493 0.19579509352 0.301083337307 0.496922581442 0.656540768406 0.834287159206 2.68346316867
283 2830 0.00802018326593 2.68616873861 0.0368347134265 0.0368347134265 0.0488578055809 0.0749183433749 0.10276554768 0.192738630567 0.297522894052 0.499519821929 0.667393654015 0.841641469943 2.68616873861
284 2840 0.00827026360155 2.65859822 0.036358390911 0.036358390911 0.0484423857832 0.0741706452111 0.10320937218 0.190381694956 0.294209132104 0.491687845736 0.670749416337 0.832388822277 2.65859822
285 2850 0.00871748508733 2.63296634804 0.0357905266783 0.0357905266783 0.0479897288071 0.0729915148355 0.102011987907 0.189141756658 0.300704892216 0.503112991563 0.662684272935 0.871794957722 2.63296634804
286 2860 0.00875188466105 2.58998306646 0.0352653698531 0.0352653698531 0.047573924509 0.0729717790767 0.10143431221 0.186644863767 0.295957838936 0.497920241135 0.662825959388 0.924784866001 2.58998306646
287 2870 0.00914570876128 2.57219385644 0.0346743454894 0.0346743454894 0.0473465241572 0.0719075986143 0.100771659083 0.18376082171 0.293352091853 0.488976710791 0.669714088779 0.940009899121 2.57219385644
288 2880 0.00919454917907 2.53727365607 0.0345023928431 0.0345023928431 0.0467460619656 0.0711765593975 0.099311392669 0.181251300445 0.2919964852 0.491269085643 0.66687207367 0.984079459403 2.53727365607
289 2890 0.00955968537699 2.51356170041 0.0341916804525 0.0341916804525 0.0470272812885 0.0705944649778 0.0974990071631 0.17838463845 0.289447636484 0.484491493688 0.65750329114 1.01424291179 2.51356170041
290 2900 0.0100371707242 2.48385076868 0.033880735704 0.033880735704 0.0474045570317 0.0695969896138 0.0963554810742 0.175891836183 0.285764923084 0.478961490469 0.648590545019 1.09118595643 2.48385076868
291 2910 0.0114810551903 2.52276149982 0.03329480651 0.03329480651 0.0472182597793 0.0689357402006 0.0945780132234 0.173947969974 0.282278259228 0.498537275403 0.643700079676 1.10108777561 2.52276149982
292 2920 0.013245023663 2.53084641334 0.0331605135528 0.0331605135528 0.0467239636527 0.0684696247189 0.0929821106524 0.17341976954 0.277962591151 0.5038357999 0.638366020531 1.2284359118 2.53084641334
293 2930 0.0138479791722 2.51977086461 0.0330913940789 0.0330913940789 0.0462042179948 0.0687369886149 0.0915713335944 0.171279295857 0.2745528342 0.517951338221 0.633786584141 1.27765201611 2.51977086461
294 2940 0.0150342640152 2.48713911129 0.0326628739701 0.0326628739701 0.0454872248603 0.068529852826 0.0926730542731 0.169008305763 0.273911689149 0.519622262854 0.628002370579 1.27528445017 2.48713911129
295 2950 0.0156208741892 2.45365676313 0.0327303302588 0.0327303302588 0.0451532635992 0.0677160234808 0.0918485449931 0.167772035502 0.273365194765 0.521078702266 0.620906795834 1.31199856227 2.45365676313
296 2960 0.0171396709875 2.40949277148 0.03272721201 0.03272721201 0.0447195629689 0.0672479058963 0.0909045204123 0.166989653403 0.278178518284 0.521470573765 0.61818249485 1.30575594892 2.40949277148
297 2970 0.0194130209756 2.36417498159 0.0321792317379 0.0321792317379 0.0442972061097 0.0660846766455 0.0893571090038 0.169704218664 0.276769744578 0.514078267093 0.639295482769 1.36402643485 2.36417498159
298 2980 0.0197504865223 2.34875247633 0.0316195230135 0.0316195230135 0.0435678553153 0.0662534150685 0.088367879818 0.168384177882 0.27471516874 0.52738217795 0.649154368611 1.41501152452 2.34875247633
299 2990 0.0210554112802 2.32912074435 0.0311519148012 0.0311519148012 0.0433112924522 0.0657678846552 0.0868594594904 0.1680887401 0.27067432948 0.523638429586 0.648051075071 1.42851338848 2.32912074435
300 3000 0.0214180535925 2.39067667578 0.0310789639139 0.0310789639139 0.0426363334334 0.0656223674112 0.0862863182573 0.165293790035 0.267353096723 0.521103117347 0.641595212651 1.44439110242 2.39067667578
301 3010 0.0199154093339 2.38617692608 0.0306084992179 0.0306084992179 0.0419512396337 0.0649998117928 0.0852114103657 0.164088413878 0.264531570642 0.517408398425 0.64575092995 1.50410708538 2.38617692608
302 3020 0.0199759891827 2.35754775563 0.0305151156292 0.0305151156292 0.0416755341873 0.0640783327319 0.0845672761836 0.162191837766 0.262858218753 0.510275687826 0.637931816429 1.5016791451 2.35754775563
303 3030 0.0199702534755 2.32685091095 0.0300922614075 0.0300922614075 0.0417270066463 0.0635761695398 0.0835219916029 0.160974262393 0.258575646709 0.50269182637 0.629669378446 1.55477008065 2.32685091095
304 3040 0.0195731466867 2.32028098658 0.029802323022 0.029802323022 0.0412898565633 0.0640155896497 0.0821999744308 0.159130808465 0.254843588444 0.493657368713 0.621657128318 1.56002761988 2.32028098658
305 3050 0.019021755261 2.30143276726 0.0299549797776 0.0299549797776 0.0416400972758 0.0633977660857 0.0809042640623 0.157853695704 0.251895590181 0.485187073871 0.634545316157 1.54630135611 2.30143276726
306 3060 0.0172463697343 2.27550900462 0.0298042050792 0.0298042050792 0.0419775804771 0.0631756715499 0.0801027411278 0.156379993813 0.251138500854 0.485442661122 0.627990039681 1.52961042406 2.27550900462
307 3070 0.0163366311379 2.27499082597 0.02978356562 0.02978356562 0.0415086636483 0.0627528351149 0.0789632113709 0.154585521266 0.248819161979 0.484117384356 0.619503031704 1.52912077211 2.27499082597
308 3080 0.0169739061368 2.23644047946 0.0292541246803 0.0292541246803 0.0410396111411 0.0622844118681 0.0777811825381 0.15206774904 0.249112556814 0.478858978823 0.612246293029 1.52558238666 2.23644047946
309 3090 0.0174766041776 2.25443608408 0.0290032207019 0.0290032207019 0.0403937909562 0.0620049349181 0.0766457311425 0.1501174262 0.246362208605 0.516449109796 0.617175854316 1.5279223793 2.25443608408
310 3100 0.0173458462403 2.29752287783 0.0285979930934 0.0285979930934 0.0400937890488 0.0609424352979 0.0768754391866 0.150093073883 0.244764879683 0.51921640486 0.614644724788 1.55131850382 2.29752287783
311 3110 0.0175204198512 2.27342617062 0.0290016434071 0.0290016434071 0.0404402227883 0.0603044084205 0.0779505728843 0.147602167622 0.24119538267 0.514368258436 0.606714571637 1.54266586654 2.27342617062
312 3120 0.0158828479201 2.23938582853 0.0289520183236 0.0289520183236 0.0411759397175 0.0603186925443 0.0770236162428 0.145887544387 0.237591654129 0.51018509894 0.606533596949 1.52545718899 2.23938582853
313 3130 0.0145855038929 2.20656118249 0.0289554737662 0.0289554737662 0.0414507482334 0.0596958029459 0.0768506054925 0.143429714179 0.235751798952 0.502654850098 0.601346742275 1.50290396188 2.20656118249
314 3140 0.0156655434217 2.17550654516 0.0289102624539 0.0289102624539 0.0409838422126 0.0592960240599 0.0777168206302 0.140939679801 0.234206180035 0.495934083068 0.600492382678 1.49897345581 2.17550654516
315 3150 0.016185116971 2.15180509676 0.0293793305282 0.0293793305282 0.0403750736925 0.0583395658262 0.0763396646423 0.139781129751 0.234700818687 0.493465443833 0.61316278557 1.55389479328 2.15180509676
316 3160 0.0169799147797 2.11556384708 0.0297604003224 0.0297604003224 0.0400455474735 0.0576934953684 0.0752234398094 0.137322953465 0.231066102954 0.527681051318 0.608045739223 1.54657721087 2.11556384708
317 3170 0.0162486332524 2.08753242571 0.029922010408 0.029922010408 0.0396190234944 0.0572260386408 0.0745241615378 0.135989293287 0.23790270901 0.540311156108 0.607456779501 1.54029199268 2.08753242571
318 3180 0.0156848258061 2.05775936264 0.0297581374568 0.0297581374568 0.0388758748908 0.056566527435 0.0735648877287 0.134776520207 0.239072653204 0.534080668709 0.605590846835 1.52718939634 2.05775936264
319 3190 0.0163660722083 2.0248741291 0.0292989919055 0.0292989919055 0.0382739119253 0.0560329459479 0.0733631857842 0.137291121999 0.235212820794 0.528423300716 0.603569244126 1.50481611394 2.0248741291
320 3200 0.0177491580491 1.99427925402 0.0296608381705 0.0296608381705 0.0376059704702 0.0551383120904 0.0728312880202 0.13616679998 0.231003548839 0.533934369506 0.59964902924 1.58021499747 1.99427925402
321 3210 0.0199391150717 1.95929457152 0.0297822048959 0.0297822048959 0.037544359611 0.0551578900279 0.0717699028774 0.135379281401 0.233765157667 0.533607849687 0.59454297027 1.64826579682 1.95929457152
322 3220 0.0210433526114 2.07305342716 0.0294791700536 0.0294791700536 0.0370046514408 0.0544295904632 0.071441648171 0.133578783663 0.23161233634 0.536863179049 0.60128502956 1.73070778585 2.07305342716
323 3230 0.0196568068361 2.14775253155 0.0289898074265 0.0289898074265 0.0365543836316 0.0535114802884 0.0709599390602 0.132363255163 0.230038727661 0.527399049365 0.597566511026 1.71369167892 2.14775253155
324 3240 0.0190268200982 2.13902233394 0.0286023667791 0.0286023667791 0.0361935150417 0.052738523593 0.0701654547173 0.130068722852 0.226145207343 0.527331832873 0.590261057729 1.68996530403 2.13902233394
325 3250 0.0169260387193 2.14104971121 0.0282633631815 0.0282633631815 0.0361065196099 0.0518429323498 0.0701376499197 0.127936903541 0.222633844813 0.522543581494 0.605056158861 1.67218413386 2.14104971121
326 3260 0.0157303342187 2.11180470679 0.0278419693834 0.0278419693834 0.0356370050479 0.051023590617 0.0689418655436 0.126869730875 0.219154883792 0.518667640476 0.606975764873 1.64523097487 2.11180470679
327 3270 0.014891009463 2.07843223461 0.0280264560633 0.0280264560633 0.0352130714103 0.0505423334819 0.0680355247051 0.125553026461 0.217868971632 0.518604407422 0.596080279006 1.62518279951 2.07843223461
328 3280 0.0143728142683 2.04631610615 0.0280425776506 0.0280425776506 0.0347623612282 0.0518483010936 0.0672372115511 0.123343037246 0.216028946626 0.510273260982 0.590375392318 1.59724388738 2.04631610615
329 3290 0.0148378941466 2.06235401598 0.0287488756946 0.0287488756946 0.0342517897011 0.0509992646443 0.0663015030236 0.122575148672 0.216473617124 0.502988597799 0.582900676956 1.58085447909 2.06235401598
330 3300 0.0152604152254 2.08539537946 0.0284266089702 0.0284266089702 0.0356792240653 0.0510703997546 0.0651736047426 0.121107537724 0.214134119202 0.493638825774 0.591776146855 1.55515506778 2.08539537946
331 3310 0.0157817438588 2.11052271458 0.0279430322493 0.0279430322493 0.0353106053918 0.0519133284449 0.0646215003521 0.12233568521 0.211152831349 0.485817763017 0.591846675784 1.53601834934 2.11052271458
332 3320 0.0159335080842 2.14186421 0.0274172007258 0.0274172007258 0.0349177752032 0.0514471904623 0.063487233893 0.121425137603 0.208868598643 0.478529837985 0.611688923587 1.50792019094 2.14186421
333 3330 0.016367155151 2.16404549122 0.0276643366048 0.0276643366048 0.0345118380299 0.0507256329463 0.0628002598781 0.122821965026 0.207621177854 0.477946597398 0.622360715305 1.49647230413 2.16404549122
334 3340 0.015921133964 2.25807952655 0.0272915173089 0.0272915173089 0.034501420514 0.0502599939556 0.0623602856019 0.123840617278 0.206598833295 0.475574147444 0.615128544233 1.47080166345 2.25807952655
335 3350 0.0157530277967 2.24123066679 0.0276273856005 0.0276273856005 0.0341686666553 0.0501419054252 0.0612801573379 0.122663682609 0.208619822898 0.469121329765 0.605010243713 1.44963940962 2.24123066679
336 3360 0.014710459059 2.21089571113 0.0281234258404 0.0281234258404 0.0336072806905 0.0507632112189 0.0603253073621 0.12447107569 0.209360977018 0.461471527529 0.599535225207 1.42518127864 2.21089571113
337 3370 0.0148362558284 2.23602749395 0.0281067295953 0.0281067295953 0.0330986420275 0.0501198260058 0.0599883345309 0.123595280116 0.206765941913 0.452802853417 0.592040817964 1.40194683661 2.23602749395
338 3380 0.0154115523324 2.19735376065 0.0287376199696 0.0287376199696 0.0325379643114 0.0511993801898 0.0602294303195 0.121913782244 0.203466273738 0.448458171871 0.594245013307 1.38701978553 2.19735376065
339 3390 0.0167601473874 2.18089202458 0.0287110889326 0.0287110889326 0.0320194084093 0.0510568164825 0.0596351786888 0.120868006149 0.202579985501 0.460196563846 0.597428887265 1.36250360868 2.18089202458
340 3400 0.0169477338004 2.15073320954 0.0287842938517 0.0287842938517 0.032367432461 0.0519106813684 0.0590919546643 0.122656518845 0.204027994529 0.460278744452 0.594799305745 1.33963034766 2.15073320954
341 3410 0.0164292688125 2.12332675602 0.0288887061779 0.0288887061779 0.0320389678237 0.0515029490304 0.0591126379266 0.120691183856 0.202357584177 0.46105559768 0.590270347984 1.31420714069 2.12332675602
342 3420 0.0160969934815 2.10872136083 0.0285755828995 0.0285755828995 0.0316644374699 0.051026964144 0.0598546033449 0.119233947538 0.200841922498 0.455244459444 0.587622873122 1.29591343446 2.10872136083
343 3430 0.0151622735061 2.07780817346 0.0284782227975 0.0284782227975 0.031773434017 0.0508376925482 0.0595478576166 0.117564666821 0.199727029343 0.457090511947 0.57819509347 1.27373630734 2.07780817346
344 3440 0.0146816569716 2.04392290226 0.0282923099834 0.0282923099834 0.0317038901504 0.0509248502879 0.0585983737831 0.116089491232 0.198427653986 0.453266558256 0.576423380205 1.25799921849 2.04392290226
345 3450 0.0148200355017 2.04787918218 0.0279247362906 0.0279247362906 0.0312954418824 0.0503152635887 0.0580525948023 0.116172601402 0.19609045572 0.448879821184 0.580238199703 1.23793032715 2.04787918218
346 3460 0.0153482282075 2.08972368292 0.0276137782188 0.0276137782188 0.0316769361796 0.0500318255052 0.0580046599249 0.115417378249 0.19319005263 0.442492925375 0.572387661102 1.22059393089 2.08972368292
347 3470 0.0157474053511 2.08314016588 0.0273296116785 0.0273296116785 0.033017491786 0.0493887745614 0.0574409438747 0.1134884363 0.195877428106 0.43670684058 0.564745060353 1.20393980413 2.08314016588
348 3480 0.0155927376744 2.09932651783 0.0269263121008 0.0269263121008 0.0328557066598 0.0486970648121 0.0568935325419 0.113308832646 0.193293722811 0.462250916172 0.562191916637 1.18303558315 2.09932651783
349 3490 0.0151748748206 2.08760857629 0.0269978885942 0.0269978885942 0.0323746992878 0.0489377983907 0.056933401349 0.111887762626 0.190935015109 0.469776873343 0.552715874998 1.16510322902 2.08760857629
350 3500 0.0148668185942 2.09767582846 0.0265818029372 0.0265818029372 0.0320397170963 0.0483141707587 0.0583753496612 0.111475215892 0.187848579652 0.471723343478 0.546608640203 1.14638110513 2.09767582846
351 3510 0.0145939664236 2.07131708462 0.0261549532395 0.0261549532395 0.0320577062702 0.0478983337116 0.0592766174151 0.109769048457 0.188814784058 0.466350363396 0.537360905308 1.13363483078 2.07131708462
352 3520 0.0137965640517 2.07554265365 0.0263453783482 0.0263453783482 0.0318347275767 0.0483774782532 0.0585167755331 0.108745509469 0.187120097835 0.47633542964 0.529713659225 1.13867627856 2.07554265365
353 3530 0.0128242392296 2.11748723386 0.0262272933801 0.0262272933801 0.0314125866949 0.048651376917 0.0575366940329 0.107590360266 0.18480749305 0.473976666109 0.523382198782 1.12236171729 2.11748723386
354 3540 0.0119080609762 2.10734506618 0.0259650397736 0.0259650397736 0.0313955888812 0.0479883987102 0.0577496388502 0.107847639698 0.184085876765 0.467089409698 0.513630552919 1.10540668269 2.10734506618
355 3550 0.0110012877977 2.08301357089 0.0257493616869 0.0257493616869 0.0316671046234 0.0474345176328 0.0580990560145 0.106980417206 0.181150838226 0.463065741255 0.506118091312 1.09072807901 2.08301357089
356 3560 0.010445187655 2.05060793946 0.0259199919077 0.0259199919077 0.0321539395471 0.0467353996625 0.0573489072526 0.10574992908 0.178482486642 0.464325898639 0.501486104156 1.08185980283 2.05060793946
357 3570 0.00948160440513 2.01972301634 0.0265622479385 0.0265622479385 0.0318915670502 0.0462243985985 0.0567892976094 0.104269692622 0.175867696846 0.461926905329 0.495703143498 1.06393714739 2.01972301634
358 3580 0.0089463831259 1.98161841134 0.0263043450088 0.0263043450088 0.0321575667657 0.0455306305807 0.0558252333213 0.102767136135 0.172730342294 0.456709643705 0.487484872143 1.05626765046 1.98161841134
359 3590 0.00843224892305 2.00163507862 0.0260690013726 0.0260690013726 0.031837260347 0.0446791527346 0.0557275306411 0.101467679763 0.170125692395 0.450049184942 0.479162141579 1.05092302224 2.00163507862
360 3600 0.00791298680397 1.98183310824 0.0261039515044 0.0261039515044 0.0322088762118 0.0449520119948 0.0549442606698 0.101884461993 0.167059770881 0.447302747738 0.474340882718 1.03300774892 1.98183310824
361 3610 0.00743494956107 1.97215602699 0.026223521352 0.026223521352 0.0318513449736 0.0447155102922 0.0549042860966 0.101150724467 0.163850369886 0.443095488248 0.474372388613 1.01584403926 1.97215602699
362 3620 0.00697854499475 1.97059763109 0.0259434158505 0.0259434158505 0.0321505611066 0.0440887658891 0.054424583599 0.101690096082 0.162103489701 0.439775255103 0.469612479849 0.999382179409 1.97059763109
363 3630 0.0065856155861 1.96445348691 0.0258213239327 0.0258213239327 0.0319294946826 0.0440457661842 0.0538619688648 0.100309867366 0.159829703085 0.432616471934 0.46363314128 0.987017988067 1.96445348691
364 3640 0.00651237541803 1.96898504785 0.0257206899564 0.0257206899564 0.0320387506973 0.0442682651972 0.0531623035075 0.0985760952853 0.161430569638 0.427761677784 0.456957188211 0.973643837121 1.96898504785
365 3650 0.0062583348572 1.9621538324 0.0255294058609 0.0255294058609 0.0324017851374 0.0437711278759 0.053873501748 0.0988121946724 0.159895871948 0.423134870544 0.44878631899 0.965123764522 1.9621538324
366 3660 0.00597626058835 1.95985671311 0.0257526710783 0.0257526710783 0.0319727942048 0.043389031203 0.0530848608442 0.0976206387813 0.158810798272 0.417954172942 0.442244090797 0.949563011331 1.95985671311
367 3670 0.00601318204395 1.94949313078 0.0256146426985 0.0256146426985 0.0322329305559 0.0427919405158 0.0523135316697 0.0970107178591 0.156588377655 0.41602710173 0.435429623992 0.933660961941 1.94949313078
