% # columns="iteration, evaluation, sigma, axis ratio, bestever, best, median, worst objective function value, further objective values of best", seed=126486, Wed May 08 17:23:41 2013
2 20 0.414431384997 1.05011797034 17553.7189325 4.0095341354497068e+04 217571.738977 395783.193525 1.0 1.0 1.0 1.0 1.0 1.0 1.0 1.0 1.0 1.0
3 30 0.384919294548 1.10952125515 2550.49361349 1.1170062744542444e+05 6714.5746067 121584.208617 2814953.65095 2814953.65095 2814953.65095 2814953.65095 2814953.65095 2814953.65095 2814953.65095 2814953.65095 2814953.65095 2814953.65095
4 40 0.382101438814 1.13969920723 2550.49361349 2.9835056292391506e+04 82587.4761159 573106.830961 2814953.65095 2814953.65095 2814953.65095 2814953.65095 2814953.65095 2814953.65095 2814953.65095 2814953.65095 2814953.65095 2814953.65095
5 50 0.365312885216 1.15226601229 2550.49361349 1.6750303768123078e+04 5951.00118403 15032.3854797 2814953.65095 2814953.65095 2814953.65095 2814953.65095 2814953.65095 2814953.65095 2814953.65095 2814953.65095 2814953.65095 2814953.65095
6 60 0.356191158228 1.1657102985 1316.45918999 1.4727710797253534e+04 61298.3968818 73803.4500672 2814953.65095 2814953.65095 2814953.65095 2814953.65095 2814953.65095 2814953.65095 2814953.65095 2814953.65095 2814953.65095 2814953.65095
7 70 0.356188887999 1.20708235449 1316.45918999 3.3117340087473334e+04 64082.1604522 42291.2786893 2814953.65095 2814953.65095 2814953.65095 2814953.65095 2814953.65095 2814953.65095 2814953.65095 2814953.65095 2814953.65095 2814953.65095
8 80 0.331728856941 1.29957560821 1316.45918999 9.4387194315031302e+03 47197.317997 303374.685951 2814953.65095 2814953.65095 2814953.65095 2814953.65095 2814953.65095 2814953.65095 2814953.65095 2814953.65095 2814953.65095 2814953.65095
9 90 0.303358770105 1.33893140153 1316.45918999 1.5700999629624108e+04 4495.20920688 259613.811572 2814953.65095 2814953.65095 2814953.65095 2814953.65095 2814953.65095 2814953.65095 2814953.65095 2814953.65095 2814953.65095 2814953.65095
10 100 0.263716858236 1.39980246338 1316.45918999 6.7181253809463969e+03 4288.69414296 9646.08676058 2814953.65095 2814953.65095 2814953.65095 2814953.65095 2814953.65095 2814953.65095 2814953.65095 2814953.65095 2814953.65095 2814953.65095
11 110 0.231525189868 1.43367087471 1316.45918999 4.2716150606120727e+03 41510.3567717 163990.678188 2814953.65095 2814953.65095 2814953.65095 2814953.65095 2814953.65095 2814953.65095 2814953.65095 2814953.65095 2814953.65095 2814953.65095
12 120 0.207440117965 1.43623855734 731.94123927 7.3194123926973771e+02 1915.84439817 101360.28439 2814953.65095 2814953.65095 2814953.65095 2814953.65095 2814953.65095 2814953.65095 2814953.65095 2814953.65095 2814953.65095 2814953.65095
13 130 0.186362170543 1.4484856382 731.94123927 6.3658411393287333e+03 5570.93400197 5595.8093074 2814953.65095 2814953.65095 2814953.65095 2814953.65095 2814953.65095 2814953.65095 2814953.65095 2814953.65095 2814953.65095 2814953.65095
14 140 0.18547430654 1.44397116437 731.94123927 1.9695786916404841e+03 21187.5391496 59395.7751078 2814953.65095 2814953.65095 2814953.65095 2814953.65095 2814953.65095 2814953.65095 2814953.65095 2814953.65095 2814953.65095 2814953.65095
15 150 0.185873044023 1.47211017316 731.94123927 3.4477601281684238e+03 22233.3829653 19707.4566509 2814953.65095 2814953.65095 2814953.65095 2814953.65095 2814953.65095 2814953.65095 2814953.65095 2814953.65095 2814953.65095 2814953.65095
16 160 0.174518735029 1.47359437803 731.94123927 4.7019230175975772e+03 2574.07876951 21718.0443829 2814953.65095 2814953.65095 2814953.65095 2814953.65095 2814953.65095 2814953.65095 2814953.65095 2814953.65095 2814953.65095 2814953.65095
17 170 0.157441151154 1.46938096414 731.94123927 1.8301850194701310e+03 7931.73400552 22009.3735803 2814953.65095 2814953.65095 2814953.65095 2814953.65095 2814953.65095 2814953.65095 2814953.65095 2814953.65095 2814953.65095 2814953.65095
18 180 0.13835489618 1.46887922686 731.94123927 1.1292336643443005e+03 1067.65316923 54841.3240728 2814953.65095 2814953.65095 2814953.65095 2814953.65095 2814953.65095 2814953.65095 2814953.65095 2814953.65095 2814953.65095 2814953.65095
19 190 0.132817550654 1.4793996046 731.94123927 1.5796718901373390e+03 2699.80546817 45910.6374054 2814953.65095 2814953.65095 2814953.65095 2814953.65095 2814953.65095 2814953.65095 2814953.65095 2814953.65095 2814953.65095 2814953.65095
20 200 0.131045438713 1.49567664644 731.94123927 2.6327581154584436e+03 1874.19608066 1644.34357826 2814953.65095 2814953.65095 2814953.65095 2814953.65095 2814953.65095 2814953.65095 2814953.65095 2814953.65095 2814953.65095 2814953.65095
21 210 0.117810767523 1.50380133798 731.94123927 3.8303373312567051e+03 8293.19280725 36376.4553074 2814953.65095 2814953.65095 2814953.65095 2814953.65095 2814953.65095 2814953.65095 2814953.65095 2814953.65095 2814953.65095 2814953.65095
22 220 0.113533644429 1.54435978041 731.94123927 3.8411614403633407e+03 11080.2011976 21491.9975487 2814953.65095 2814953.65095 2814953.65095 2814953.65095 2814953.65095 2814953.65095 2814953.65095 2814953.65095 2814953.65095 2814953.65095
23 230 0.104409724849 1.59151057266 731.94123927 3.3249231863329355e+03 9078.3364091 18135.4452897 2814953.65095 2814953.65095 2814953.65095 2814953.65095 2814953.65095 2814953.65095 2814953.65095 2814953.65095 2814953.65095 2814953.65095
24 240 0.0949425454927 1.58379546419 731.94123927 2.8833283435826716e+03 9397.99108765 8432.35035648 2814953.65095 2814953.65095 2814953.65095 2814953.65095 2814953.65095 2814953.65095 2814953.65095 2814953.65095 2814953.65095 2814953.65095
25 250 0.0880706410153 1.59315335682 731.94123927 1.6626403260133659e+03 3527.65695431 13297.3757297 2814953.65095 2814953.65095 2814953.65095 2814953.65095 2814953.65095 2814953.65095 2814953.65095 2814953.65095 2814953.65095 2814953.65095
26 260 0.0853945157038 1.60884322208 731.94123927 2.0423783452208845e+03 3146.14602979 3502.24366634 2814953.65095 2814953.65095 2814953.65095 2814953.65095 2814953.65095 2814953.65095 2814953.65095 2814953.65095 2814953.65095 2814953.65095
27 270 0.0835168632158 1.62138922855 731.94123927 2.1064609041285153e+03 3445.84793626 2129.87069156 2814953.65095 2814953.65095 2814953.65095 2814953.65095 2814953.65095 2814953.65095 2814953.65095 2814953.65095 2814953.65095 2814953.65095
28 280 0.0847919143848 1.64394220231 731.94123927 1.4334609178646763e+03 3534.50013532 7551.05111192 2814953.65095 2814953.65095 2814953.65095 2814953.65095 2814953.65095 2814953.65095 2814953.65095 2814953.65095 2814953.65095 2814953.65095
29 290 0.0848673941189 1.65599808363 731.94123927 1.2500201136153109e+03 1667.14250541 1274.65918139 2814953.65095 2814953.65095 2814953.65095 2814953.65095 2814953.65095 2814953.65095 2814953.65095 2814953.65095 2814953.65095 2814953.65095
30 300 0.0840401979673 1.6678423859 731.94123927 1.2240751509113170e+03 4005.00884177 7672.74275065 2814953.65095 2814953.65095 2814953.65095 2814953.65095 2814953.65095 2814953.65095 2814953.65095 2814953.65095 2814953.65095 2814953.65095
31 310 0.0843259548891 1.6787794685 731.94123927 1.4416430544138500e+03 1809.81203922 1221.68570916 2814953.65095 2814953.65095 2814953.65095 2814953.65095 2814953.65095 2814953.65095 2814953.65095 2814953.65095 2814953.65095 2814953.65095
32 320 0.0856394066212 1.68566097955 731.94123927 1.1360800150179664e+03 2676.71038808 10863.9476771 2814953.65095 2814953.65095 2814953.65095 2814953.65095 2814953.65095 2814953.65095 2814953.65095 2814953.65095 2814953.65095 2814953.65095
33 330 0.0831465109959 1.80561225818 708.919876594 8.2828648968657069e+02 708.919876594 13452.8020217 2814953.65095 2814953.65095 2814953.65095 2814953.65095 2814953.65095 2814953.65095 2814953.65095 2814953.65095 2814953.65095 2814953.65095
34 340 0.0859482372904 1.85127997466 708.919876594 1.4182668041037127e+03 3060.36251587 5156.73846421 2814953.65095 2814953.65095 2814953.65095 2814953.65095 2814953.65095 2814953.65095 2814953.65095 2814953.65095 2814953.65095 2814953.65095
35 350 0.084896421037 1.87995476882 708.919876594 9.6028470274184178e+02 1531.52156591 1947.54230772 2785390.6481 2785390.6481 2785390.6481 2785390.6481 2785390.6481 2785390.6481 2785390.6481 2785390.6481 2785390.6481 2785390.6481
36 360 0.0813052137132 1.90872716926 708.919876594 9.9422859777022745e+02 948.709092173 4032.0937793 2785390.6481 2785390.6481 2785390.6481 2785390.6481 2785390.6481 2785390.6481 2785390.6481 2785390.6481 2785390.6481 2785390.6481
37 370 0.0785362230569 1.92315117342 708.919876594 9.0932228963478178e+02 2393.41618797 5586.05363605 2756138.11968 2756138.11968 2756138.11968 2756138.11968 2756138.11968 2756138.11968 2756138.11968 2756138.11968 2756138.11968 2756138.11968
38 380 0.0762287427266 1.95907522388 708.919876594 1.4717983382083648e+03 2690.23335721 10774.96603 2727192.80504 2727192.80504 2727192.80504 2727192.80504 2727192.80504 2727192.80504 2727192.80504 2727192.80504 2727192.80504 2727192.80504
39 390 0.0785649341581 1.9816876632 708.919876594 8.5404040046002888e+02 2668.43232179 4130.77804835 2698551.4778 2698551.4778 2698551.4778 2698551.4778 2698551.4778 2698551.4778 2698551.4778 2698551.4778 2698551.4778 2698551.4778
40 400 0.0745306649409 2.0183906644 708.919876594 7.6358847507315295e+02 2272.46900065 1776.32170547 2670210.94544 2670210.94544 2670210.94544 2670210.94544 2670210.94544 2670210.94544 2670210.94544 2670210.94544 2670210.94544 2670210.94544
41 410 0.0684942620706 2.0223688415 708.919876594 1.1704093637524827e+03 4248.23620321 6823.57476561 2642168.04897 2642168.04897 2642168.04897 2642168.04897 2642168.04897 2642168.04897 2642168.04897 2642168.04897 2642168.04897 2642168.04897
42 420 0.065921892503 2.06115024111 708.919876594 9.5809672957437033e+02 1043.63959273 3942.17527699 2614419.66258 2614419.66258 2614419.66258 2614419.66258 2614419.66258 2614419.66258 2614419.66258 2614419.66258 2614419.66258 2614419.66258
43 430 0.0593380196236 2.05229598545 626.779837007 6.2677983700703498e+02 1063.57436151 4196.01859967 2586962.69329 2586962.69329 2586962.69329 2586962.69329 2586962.69329 2586962.69329 2586962.69329 2586962.69329 2586962.69329 2586962.69329
44 440 0.054310360072 2.08467839711 597.791340999 6.3931478535097858e+02 1117.98213753 2945.97719235 2559794.0806 2559794.0806 2559794.0806 2559794.0806 2559794.0806 2559794.0806 2559794.0806 2559794.0806 2559794.0806 2559794.0806
45 450 0.0508917716732 2.12046939315 549.166389682 6.4089436570230691e+02 590.410753851 6505.60926405 2532910.79614 2532910.79614 2532910.79614 2532910.79614 2532910.79614 2532910.79614 2532910.79614 2532910.79614 2532910.79614 2532910.79614
46 460 0.0533129461042 2.11453641311 294.165085458 4.1495459720190325e+02 666.9572953 434.878118242 2506309.84338 2506309.84338 2506309.84338 2506309.84338 2506309.84338 2506309.84338 2506309.84338 2506309.84338 2506309.84338 2506309.84338
47 470 0.0515841003963 2.11828661925 294.165085458 4.2466065887098563e+02 650.216964475 1383.06248003 2479988.25722 2479988.25722 2479988.25722 2479988.25722 2479988.25722 2479988.25722 2479988.25722 2479988.25722 2479988.25722 2479988.25722
48 480 0.0499526142669 2.14656599622 294.165085458 3.1518250422858426e+02 543.691090464 487.994156134 2453943.10372 2453943.10372 2453943.10372 2453943.10372 2453943.10372 2453943.10372 2453943.10372 2453943.10372 2453943.10372 2453943.10372
49 490 0.0479326561874 2.22590452005 294.165085458 6.3547428207628184e+02 371.675448655 3008.30325898 2428171.47975 2428171.47975 2428171.47975 2428171.47975 2428171.47975 2428171.47975 2428171.47975 2428171.47975 2428171.47975 2428171.47975
50 500 0.0464006383998 2.23073042081 278.069710306 4.7758382263631296e+02 612.634478624 463.640880187 2402670.51267 2402670.51267 2402670.51267 2402670.51267 2402670.51267 2402670.51267 2402670.51267 2402670.51267 2402670.51267 2402670.51267
51 510 0.0484595347299 2.24329123267 228.621496392 2.2862149639247281e+02 609.346899118 2143.13761192 2377437.36 2377437.36 2377437.36 2377437.36 2377437.36 2377437.36 2377437.36 2377437.36 2377437.36 2377437.36
52 520 0.0473576992849 2.42245526518 228.621496392 3.7339259858102804e+02 754.847496071 328.062456163 2352469.20913 2352469.20913 2352469.20913 2352469.20913 2352469.20913 2352469.20913 2352469.20913 2352469.20913 2352469.20913 2352469.20913
53 530 0.0476895991908 2.49972607639 148.901280088 1.9237960877794757e+02 278.239197961 235.076015737 2327763.27697 2327763.27697 2327763.27697 2327763.27697 2327763.27697 2327763.27697 2327763.27697 2327763.27697 2327763.27697 2327763.27697
54 540 0.0485693641409 2.54016311114 148.901280088 1.6247532604881303e+02 178.216054683 573.398421641 2303316.80966 2303316.80966 2303316.80966 2303316.80966 2303316.80966 2303316.80966 2303316.80966 2303316.80966 2303316.80966 2303316.80966
55 550 0.0494641436883 2.627896568 102.527283801 1.4895411998694902e+02 322.846569042 1048.98184814 2279127.08227 2279127.08227 2279127.08227 2279127.08227 2279127.08227 2279127.08227 2279127.08227 2279127.08227 2279127.08227 2279127.08227
56 560 0.0485827878083 2.74852750808 102.527283801 1.7391925359862199e+02 224.875543361 207.475578622 2255191.39849 2255191.39849 2255191.39849 2255191.39849 2255191.39849 2255191.39849 2255191.39849 2255191.39849 2255191.39849 2255191.39849
57 570 0.0476074546208 2.84581409306 93.7277977525 9.3727797752519223e+01 471.612943081 1713.38970611 2255191.39849 2255191.39849 2255191.39849 2255191.39849 2255191.39849 2255191.39849 2255191.39849 2255191.39849 2255191.39849 2255191.39849
58 580 0.0451947207176 2.94493018821 93.7277977525 1.4303693448776545e+02 341.802273986 1355.6622385 2255191.39849 2255191.39849 2255191.39849 2255191.39849 2255191.39849 2255191.39849 2255191.39849 2255191.39849 2255191.39849 2255191.39849
59 590 0.0468802069746 2.977983634 77.4873867153 2.1866014391771961e+02 77.4873867153 387.602225249 2231507.09032 2231507.09032 2231507.09032 2231507.09032 2231507.09032 2231507.09032 2231507.09032 2231507.09032 2231507.09032 2231507.09032
60 600 0.0430827482322 3.00437511941 77.4873867153 1.8669649713080514e+02 119.772058608 1202.23762056 2231507.09032 2231507.09032 2231507.09032 2231507.09032 2231507.09032 2231507.09032 2231507.09032 2231507.09032 2231507.09032 2231507.09032
61 610 0.0377864781556 3.00693757695 77.4873867153 1.5309141832377730e+02 421.392895984 155.490171688 2208071.51778 2208071.51778 2208071.51778 2208071.51778 2208071.51778 2208071.51778 2208071.51778 2208071.51778 2208071.51778 2208071.51778
62 620 0.0379684250808 3.03081897763 46.805348535 4.6805348535001038e+01 236.571125935 505.254378826 2184882.06862 2184882.06862 2184882.06862 2184882.06862 2184882.06862 2184882.06862 2184882.06862 2184882.06862 2184882.06862 2184882.06862
63 630 0.0378010653653 3.21045172171 46.805348535 7.0151936141908038e+01 82.9275168947 86.4769547083 2161936.15801 2161936.15801 2161936.15801 2161936.15801 2161936.15801 2161936.15801 2161936.15801 2161936.15801 2161936.15801 2161936.15801
64 640 0.037949118424 3.31113587289 46.805348535 4.8828406980546681e+01 130.60854717 277.210001545 2139231.22829 2139231.22829 2139231.22829 2139231.22829 2139231.22829 2139231.22829 2139231.22829 2139231.22829 2139231.22829 2139231.22829
65 650 0.0380197503484 3.44518766068 46.7651200759 6.5523553079551576e+01 46.7651200759 112.501024443 2116764.74864 2116764.74864 2116764.74864 2116764.74864 2116764.74864 2116764.74864 2116764.74864 2116764.74864 2116764.74864 2116764.74864
66 660 0.0379762054615 3.54799780684 46.7651200759 8.3697683340628032e+01 55.7926754257 77.3400579735 2094534.21483 2094534.21483 2094534.21483 2094534.21483 2094534.21483 2094534.21483 2094534.21483 2094534.21483 2094534.21483 2094534.21483
67 670 0.0357349915972 3.58432254065 46.7651200759 8.2257605081525611e+01 65.0990461734 373.602879664 2072537.14893 2072537.14893 2072537.14893 2072537.14893 2072537.14893 2072537.14893 2072537.14893 2072537.14893 2072537.14893 2072537.14893
68 680 0.031565459614 3.60785621455 46.7651200759 5.8172347345969840e+01 74.6059794656 992.399664831 2050771.09902 2050771.09902 2050771.09902 2050771.09902 2050771.09902 2050771.09902 2050771.09902 2050771.09902 2050771.09902 2050771.09902
69 690 0.0301758845768 3.69326251796 40.3584009378 4.0358400937797271e+01 170.291917433 643.380812443 2029233.63895 2029233.63895 2029233.63895 2029233.63895 2029233.63895 2029233.63895 2029233.63895 2029233.63895 2029233.63895 2029233.63895
70 700 0.0288104232779 3.77238438354 40.3584009378 5.6377153887485576e+01 48.393961946 66.2762375426 2007922.36804 2007922.36804 2007922.36804 2007922.36804 2007922.36804 2007922.36804 2007922.36804 2007922.36804 2007922.36804 2007922.36804
71 710 0.0297203433332 3.82655247473 39.0451967208 5.4189542654786742e+01 138.254487307 78.6883335459 1986834.91082 1986834.91082 1986834.91082 1986834.91082 1986834.91082 1986834.91082 1986834.91082 1986834.91082 1986834.91082 1986834.91082
72 720 0.0289714956423 3.88243872379 39.0451967208 5.6706552123738142e+01 149.641330205 370.697944041 1965968.91676 1965968.91676 1965968.91676 1965968.91676 1965968.91676 1965968.91676 1965968.91676 1965968.91676 1965968.91676 1965968.91676
73 730 0.0290361495999 3.92290202838 39.0451967208 1.1266571686119633e+02 133.230036833 397.669650945 1945322.06004 1945322.06004 1945322.06004 1945322.06004 1945322.06004 1945322.06004 1945322.06004 1945322.06004 1945322.06004 1945322.06004
74 740 0.0285918442188 3.93427999701 39.0451967208 5.5572224304213961e+01 165.557705339 87.1771424195 1924892.03925 1924892.03925 1924892.03925 1924892.03925 1924892.03925 1924892.03925 1924892.03925 1924892.03925 1924892.03925 1924892.03925
75 750 0.0269081361695 3.93877286921 39.0451967208 5.0509170866716808e+01 109.7319572 178.027874969 1904676.57715 1904676.57715 1904676.57715 1904676.57715 1904676.57715 1904676.57715 1904676.57715 1904676.57715 1904676.57715 1904676.57715
76 760 0.0262316018972 3.9537352211 39.0451967208 6.0147635244868482e+01 54.6515889753 116.260126662 1884673.42041 1884673.42041 1884673.42041 1884673.42041 1884673.42041 1884673.42041 1884673.42041 1884673.42041 1884673.42041 1884673.42041
77 770 0.0271911817021 3.97561910779 39.0451967208 6.9684969601332014e+01 94.5077280354 50.0432449757 1864880.33938 1864880.33938 1864880.33938 1864880.33938 1864880.33938 1864880.33938 1864880.33938 1864880.33938 1864880.33938 1864880.33938
78 780 0.0271432403009 3.97785665625 39.0451967208 6.2105844711692448e+01 67.3155517397 226.395709021 1845295.12782 1845295.12782 1845295.12782 1845295.12782 1845295.12782 1845295.12782 1845295.12782 1845295.12782 1845295.12782 1845295.12782
79 790 0.0262888683533 4.0035832043 39.0451967208 5.9084787696015141e+01 70.2900115934 87.1050488361 1825915.60265 1825915.60265 1825915.60265 1825915.60265 1825915.60265 1825915.60265 1825915.60265 1825915.60265 1825915.60265 1825915.60265
80 800 0.0253723673987 4.105148917 39.0451967208 7.8105688126303406e+01 56.8869843896 67.5615112157 1806739.60372 1806739.60372 1806739.60372 1806739.60372 1806739.60372 1806739.60372 1806739.60372 1806739.60372 1806739.60372 1806739.60372
81 810 0.0234822492099 4.14217561175 39.0451967208 7.3948760292231157e+01 126.625450644 307.847387601 1787764.99359 1787764.99359 1787764.99359 1787764.99359 1787764.99359 1787764.99359 1787764.99359 1787764.99359 1787764.99359 1787764.99359
82 820 0.0208836537956 4.15667176659 39.0451967208 6.5474424971741357e+01 92.9526624954 202.825448689 1768989.65724 1768989.65724 1768989.65724 1768989.65724 1768989.65724 1768989.65724 1768989.65724 1768989.65724 1768989.65724 1768989.65724
83 830 0.0208092897801 4.12578525895 39.0451967208 5.4514749120438637e+01 82.567134266 137.807216181 1750411.50187 1750411.50187 1750411.50187 1750411.50187 1750411.50187 1750411.50187 1750411.50187 1750411.50187 1750411.50187 1750411.50187
84 840 0.0203068458136 4.12516620327 39.0451967208 4.8485755978883432e+01 72.5370187664 44.1540936728 1732028.45666 1732028.45666 1732028.45666 1732028.45666 1732028.45666 1732028.45666 1732028.45666 1732028.45666 1732028.45666 1732028.45666
85 850 0.0190298468184 4.19792312547 39.0451967208 5.3372836463154535e+01 49.8711650707 46.4721738351 1713838.47254 1713838.47254 1713838.47254 1713838.47254 1713838.47254 1713838.47254 1713838.47254 1713838.47254 1713838.47254 1713838.47254
86 860 0.0180514791147 4.20285581113 39.0451967208 5.8546557090389314e+01 55.5068933988 52.8736950895 1695839.52196 1695839.52196 1695839.52196 1695839.52196 1695839.52196 1695839.52196 1695839.52196 1695839.52196 1695839.52196 1695839.52196
87 870 0.0165245684108 4.17786662436 39.0451967208 5.5280633721937122e+01 61.0610762992 58.6633298901 1678029.59865 1678029.59865 1678029.59865 1678029.59865 1678029.59865 1678029.59865 1678029.59865 1678029.59865 1678029.59865 1678029.59865
88 880 0.0154892689161 4.23455150822 39.0451967208 5.1610244049708626e+01 65.5341500654 62.9822994633 1660406.71744 1660406.71744 1660406.71744 1660406.71744 1660406.71744 1660406.71744 1660406.71744 1660406.71744 1660406.71744 1660406.71744
89 890 0.0144797596114 4.29314755757 39.0451967208 4.8100098767493364e+01 77.4527846494 52.5328343228 1642968.91397 1642968.91397 1642968.91397 1642968.91397 1642968.91397 1642968.91397 1642968.91397 1642968.91397 1642968.91397 1642968.91397
90 900 0.0135671676473 4.36594858956 39.0451967208 5.0660062195233735e+01 47.6740699704 47.3541960392 1625714.24455 1625714.24455 1625714.24455 1625714.24455 1625714.24455 1625714.24455 1625714.24455 1625714.24455 1625714.24455 1625714.24455
91 910 0.0128318693119 4.44942231234 39.0451967208 4.9718373386746968e+01 57.4818572195 64.2919937163 1608640.78586 1608640.78586 1608640.78586 1608640.78586 1608640.78586 1608640.78586 1608640.78586 1608640.78586 1608640.78586 1608640.78586
92 920 0.0126318944994 4.49019695564 39.0451967208 5.1479460196145034e+01 58.8032020207 60.0079829165 1591746.63482 1591746.63482 1591746.63482 1591746.63482 1591746.63482 1591746.63482 1591746.63482 1591746.63482 1591746.63482 1591746.63482
93 930 0.012583080494 4.50035374107 39.0451967208 4.6577291383829838e+01 53.1581049996 54.1069032406 1575029.90832 1575029.90832 1575029.90832 1575029.90832 1575029.90832 1575029.90832 1575029.90832 1575029.90832 1575029.90832 1575029.90832
94 940 0.012948582368 4.49916353651 39.0451967208 4.9027733082211547e+01 46.2051983692 52.7338685454 1558488.74301 1558488.74301 1558488.74301 1558488.74301 1558488.74301 1558488.74301 1558488.74301 1558488.74301 1558488.74301 1558488.74301
95 950 0.0129481705605 4.53672935009 39.0451967208 4.5532258384847111e+01 54.5391574339 70.2358297021 1542121.29513 1542121.29513 1542121.29513 1542121.29513 1542121.29513 1542121.29513 1542121.29513 1542121.29513 1542121.29513 1542121.29513
96 960 0.012548343908 4.56340007609 39.0451967208 4.6679532003757615e+01 54.8944781718 70.3786007915 1525925.74028 1525925.74028 1525925.74028 1525925.74028 1525925.74028 1525925.74028 1525925.74028 1525925.74028 1525925.74028 1525925.74028
97 970 0.0119487631348 4.70084418936 39.0451967208 4.5738237143799253e+01 44.7130516562 59.7619852562 1509900.27322 1509900.27322 1509900.27322 1509900.27322 1509900.27322 1509900.27322 1509900.27322 1509900.27322 1509900.27322 1509900.27322
98 980 0.0122251368807 4.7337077155 39.0451967208 4.7008495007782187e+01 51.4902959745 58.7779630842 1494043.10766 1494043.10766 1494043.10766 1494043.10766 1494043.10766 1494043.10766 1494043.10766 1494043.10766 1494043.10766 1494043.10766
99 990 0.0123221758881 4.79535832387 39.0451967208 4.3873834876050154e+01 48.4869851975 48.7521856934 1478352.47608 1478352.47608 1478352.47608 1478352.47608 1478352.47608 1478352.47608 1478352.47608 1478352.47608 1478352.47608 1478352.47608
100 1000 0.0115484751193 4.83464132715 39.0451967208 4.8715792595945558e+01 52.6941044433 70.4930255269 1462826.62951 1462826.62951 1462826.62951 1462826.62951 1462826.62951 1462826.62951 1462826.62951 1462826.62951 1462826.62951 1462826.62951
101 1010 0.0108032222989 4.77369720389 39.0451967208 4.8266676484414361e+01 45.6966190057 54.6492685657 1447463.83737 1447463.83737 1447463.83737 1447463.83737 1447463.83737 1447463.83737 1447463.83737 1447463.83737 1447463.83737 1447463.83737
102 1020 0.0105864180468 4.81354272298 39.0451967208 4.7002869149086514e+01 52.3636321004 51.9165554755 1432262.38724 1432262.38724 1432262.38724 1432262.38724 1432262.38724 1432262.38724 1432262.38724 1432262.38724 1432262.38724 1432262.38724
103 1030 0.00979131936379 4.86924569318 39.0451967208 4.8027802838452587e+01 53.8513435007 65.9674504099 1417220.58467 1417220.58467 1417220.58467 1417220.58467 1417220.58467 1417220.58467 1417220.58467 1417220.58467 1417220.58467 1417220.58467
104 1040 0.00973101468137 4.93116807607 39.0451967208 4.3137858042028789e+01 47.6982830482 52.7230403003 1402336.75304 1402336.75304 1402336.75304 1402336.75304 1402336.75304 1402336.75304 1402336.75304 1402336.75304 1402336.75304 1402336.75304
105 1050 0.00945700641401 4.9521954148 39.0451967208 4.2852149252003457e+01 44.7008905487 48.9565862407 1387609.23331 1387609.23331 1387609.23331 1387609.23331 1387609.23331 1387609.23331 1387609.23331 1387609.23331 1387609.23331 1387609.23331
106 1060 0.00969873133834 4.96144379853 39.0451967208 4.1210928849477128e+01 43.7619247254 47.3009530291 1373036.38387 1373036.38387 1373036.38387 1373036.38387 1373036.38387 1373036.38387 1373036.38387 1373036.38387 1373036.38387 1373036.38387
107 1070 0.0105928663667 4.95082872699 39.0451967208 4.0720648984678633e+01 41.0727924485 41.712998224 1358616.58036 1358616.58036 1358616.58036 1358616.58036 1358616.58036 1358616.58036 1358616.58036 1358616.58036 1358616.58036 1358616.58036
108 1080 0.0115834512633 5.00103395289 39.0451967208 4.3679929997405793e+01 41.1897433975 40.6784266958 1344348.21547 1344348.21547 1344348.21547 1344348.21547 1344348.21547 1344348.21547 1344348.21547 1344348.21547 1344348.21547 1344348.21547
109 1090 0.0115100664984 5.09174002794 39.0451967208 4.0092461465365929e+01 49.6067515054 63.0894565968 1330229.69877 1330229.69877 1330229.69877 1330229.69877 1330229.69877 1330229.69877 1330229.69877 1330229.69877 1330229.69877 1330229.69877
110 1100 0.0113653272446 5.22651453319 39.0451967208 4.0353955166038745e+01 41.3695850032 56.6849254589 1316259.45654 1316259.45654 1316259.45654 1316259.45654 1316259.45654 1316259.45654 1316259.45654 1316259.45654 1316259.45654 1316259.45654
111 1110 0.0114769382216 5.46585530397 38.0943206087 4.0780748260626723e+01 43.4739259928 53.8968461661 1302435.93157 1302435.93157 1302435.93157 1302435.93157 1302435.93157 1302435.93157 1302435.93157 1302435.93157 1302435.93157 1302435.93157
112 1120 0.0129509309425 5.56970999026 36.8369879725 3.8487673372755729e+01 42.5552231853 50.187733902 1288757.58303 1288757.58303 1288757.58303 1288757.58303 1288757.58303 1288757.58303 1288757.58303 1288757.58303 1288757.58303 1288757.58303
113 1130 0.014446792187 5.72269468416 35.8085054946 3.6951685941266618e+01 44.3485583205 43.3146310138 1275222.88625 1275222.88625 1275222.88625 1275222.88625 1275222.88625 1275222.88625 1275222.88625 1275222.88625 1275222.88625 1275222.88625
114 1140 0.0142031569901 5.96200432505 35.8085054946 3.7598405204380413e+01 42.2714603904 38.7904330931 1261830.33259 1261830.33259 1261830.33259 1261830.33259 1261830.33259 1261830.33259 1261830.33259 1261830.33259 1261830.33259 1261830.33259
115 1150 0.0144802324987 6.01824848494 35.6678159525 3.9090100330754836e+01 41.4160933929 49.9130350781 1248578.42924 1248578.42924 1248578.42924 1248578.42924 1248578.42924 1248578.42924 1248578.42924 1248578.42924 1248578.42924 1248578.42924
116 1160 0.0150716730269 6.00666130859 33.8682983866 3.4553767029106915e+01 41.391302251 33.8682983866 1235465.69906 1235465.69906 1235465.69906 1235465.69906 1235465.69906 1235465.69906 1235465.69906 1235465.69906 1235465.69906 1235465.69906
117 1170 0.0154089691369 6.33540558896 32.5436052953 3.2543605295332796e+01 40.5173275568 58.6453338088 1222490.68046 1222490.68046 1222490.68046 1222490.68046 1222490.68046 1222490.68046 1222490.68046 1222490.68046 1222490.68046 1222490.68046
118 1180 0.0142229619653 6.56907323353 32.5436052953 3.6358224717753650e+01 42.3116290469 49.7194682723 1209651.92716 1209651.92716 1209651.92716 1209651.92716 1209651.92716 1209651.92716 1209651.92716 1209651.92716 1209651.92716 1209651.92716
119 1190 0.0130593975154 6.62733721721 32.5436052953 3.4764987084864885e+01 35.9572169309 81.0161998877 1196948.00809 1196948.00809 1196948.00809 1196948.00809 1196948.00809 1196948.00809 1196948.00809 1196948.00809 1196948.00809 1196948.00809
120 1200 0.0127081454544 6.67233808916 32.5436052953 3.4319881188357087e+01 34.9412730232 36.29884786 1184377.50719 1184377.50719 1184377.50719 1184377.50719 1184377.50719 1184377.50719 1184377.50719 1184377.50719 1184377.50719 1184377.50719
121 1210 0.0129762951696 6.72413965431 31.7281548427 3.1728154842670609e+01 37.34692065 39.0972014859 1171939.02331 1171939.02331 1171939.02331 1171939.02331 1171939.02331 1171939.02331 1171939.02331 1171939.02331 1171939.02331 1171939.02331
122 1220 0.0137988044315 7.25406472196 29.8333213078 2.9833321307786534e+01 35.9134047966 47.6648402083 1159631.16997 1159631.16997 1159631.16997 1159631.16997 1159631.16997 1159631.16997 1159631.16997 1159631.16997 1159631.16997 1159631.16997
123 1230 0.013691220815 7.96181259369 29.1366908793 2.9136690879320387e+01 31.1324870697 29.53977328 1147452.57528 1147452.57528 1147452.57528 1147452.57528 1147452.57528 1147452.57528 1147452.57528 1147452.57528 1147452.57528 1147452.57528
124 1240 0.0127884414411 8.14119507032 29.1366908793 2.9882811700485529e+01 32.1593352326 39.8024997098 1135401.88174 1135401.88174 1135401.88174 1135401.88174 1135401.88174 1135401.88174 1135401.88174 1135401.88174 1135401.88174 1135401.88174
125 1250 0.0119598996202 8.19932917556 28.3563150706 3.1037927182107392e+01 36.4493036524 55.9000972068 1123477.74613 1123477.74613 1123477.74613 1123477.74613 1123477.74613 1123477.74613 1123477.74613 1123477.74613 1123477.74613 1123477.74613
126 1260 0.0114515491763 8.32735170498 28.3563150706 2.9417457767911941e+01 33.8042393199 32.6559086968 1111678.83932 1111678.83932 1111678.83932 1111678.83932 1111678.83932 1111678.83932 1111678.83932 1111678.83932 1111678.83932 1111678.83932
127 1270 0.0115446593293 8.39877834429 28.3563150706 3.0544499368084846e+01 34.557879232 39.831754876 1100003.84613 1100003.84613 1100003.84613 1100003.84613 1100003.84613 1100003.84613 1100003.84613 1100003.84613 1100003.84613 1100003.84613
128 1280 0.0118051629345 8.95466078402 26.9615268276 2.6961526827591896e+01 29.151207185 47.8284240139 1088451.46521 1088451.46521 1088451.46521 1088451.46521 1088451.46521 1088451.46521 1088451.46521 1088451.46521 1088451.46521 1088451.46521
129 1290 0.0128310020882 8.99602795436 26.9615268276 2.8599060136592737e+01 28.8800056167 28.7839870725 1077020.40887 1077020.40887 1077020.40887 1077020.40887 1077020.40887 1077020.40887 1077020.40887 1077020.40887 1077020.40887 1077020.40887
130 1300 0.014446664171 9.37668732201 25.8100327442 2.5810032744187708e+01 32.4110015989 28.1580934565 1065709.40295 1065709.40295 1065709.40295 1065709.40295 1065709.40295 1065709.40295 1065709.40295 1065709.40295 1065709.40295 1065709.40295
131 1310 0.016061067942 9.8424556919 25.7243961755 2.7339492510510137e+01 31.68522323 45.019418661 1054517.18665 1054517.18665 1054517.18665 1054517.18665 1054517.18665 1054517.18665 1054517.18665 1054517.18665 1054517.18665 1054517.18665
132 1320 0.0166616931529 10.3913812359 24.0285164591 2.4451586976871287e+01 34.0898377378 30.4378030216 1043442.51244 1043442.51244 1043442.51244 1043442.51244 1043442.51244 1043442.51244 1043442.51244 1043442.51244 1043442.51244 1043442.51244
133 1330 0.0166361820335 10.8721058931 21.5587588844 2.3258308975208553e+01 32.9110941592 25.7216838751 1032484.14588 1032484.14588 1032484.14588 1032484.14588 1032484.14588 1032484.14588 1032484.14588 1032484.14588 1032484.14588 1032484.14588
134 1340 0.0167824334175 11.2439973341 21.3476916886 2.1347691688572542e+01 31.32961701 23.0699467656 1021640.86547 1021640.86547 1021640.86547 1021640.86547 1021640.86547 1021640.86547 1021640.86547 1021640.86547 1021640.86547 1021640.86547
135 1350 0.0178373126691 11.39720767 19.7652679012 2.1224503712989815e+01 27.7342245657 27.2619148966 1010911.46259 1010911.46259 1010911.46259 1010911.46259 1010911.46259 1010911.46259 1010911.46259 1010911.46259 1010911.46259 1010911.46259
136 1360 0.0181740978846 11.6369799324 19.2472354447 2.3924612413954911e+01 21.7089453538 19.2472354447 1000294.74126 1000294.74126 1000294.74126 1000294.74126 1000294.74126 1000294.74126 1000294.74126 1000294.74126 1000294.74126 1000294.74126
137 1370 0.0179022208315 11.6762732323 18.3254248665 1.8325424866525477e+01 23.4955795991 27.9109008366 989789.518103 989789.518103 989789.518103 989789.518103 989789.518103 989789.518103 989789.518103 989789.518103 989789.518103 989789.518103
138 1380 0.0210175913433 11.9884222206 15.155829481 1.5155829480993734e+01 21.2493598933 20.7209289188 979394.622137 979394.622137 979394.622137 979394.622137 979394.622137 979394.622137 979394.622137 979394.622137 979394.622137 979394.622137
139 1390 0.0235496812127 12.5613409918 15.155829481 1.6198609942048808e+01 17.7952303208 28.6605617646 969108.894697 969108.894697 969108.894697 969108.894697 969108.894697 969108.894697 969108.894697 969108.894697 969108.894697 969108.894697
140 1400 0.0255340812206 12.5920459428 13.770543814 1.7406491606378250e+01 32.1016939044 13.770543814 958931.18928 958931.18928 958931.18928 958931.18928 958931.18928 958931.18928 958931.18928 958931.18928 958931.18928 958931.18928
141 1410 0.0235153568553 12.5316287815 13.770543814 1.6798307684318804e+01 24.3819370378 19.4396187864 948860.371426 948860.371426 948860.371426 948860.371426 948860.371426 948860.371426 948860.371426 948860.371426 948860.371426 948860.371426
142 1420 0.0219672570851 12.5191245565 13.3190078932 1.4856502091518269e+01 23.3246683604 28.5609259134 938895.318587 938895.318587 938895.318587 938895.318587 938895.318587 938895.318587 938895.318587 938895.318587 938895.318587 938895.318587
143 1430 0.0201243657086 12.8420490205 13.3190078932 1.5716860508146203e+01 24.4184872923 14.3098066634 929034.920006 929034.920006 929034.920006 929034.920006 929034.920006 929034.920006 929034.920006 929034.920006 929034.920006 929034.920006
144 1440 0.0173641607528 12.8765534728 12.8487821671 1.8969893556048479e+01 21.0832714144 49.8742271704 919278.076591 919278.076591 919278.076591 919278.076591 919278.076591 919278.076591 919278.076591 919278.076591 919278.076591 919278.076591
145 1450 0.0155157509218 12.995019919 12.8487821671 1.5388775307165146e+01 22.0634530276 17.9469069631 909623.700792 909623.700792 909623.700792 909623.700792 909623.700792 909623.700792 909623.700792 909623.700792 909623.700792 909623.700792
146 1460 0.0135904099731 13.0840135545 12.8487821671 1.5895470660151309e+01 19.0122971422 17.8817656697 900070.716481 900070.716481 900070.716481 900070.716481 900070.716481 900070.716481 900070.716481 900070.716481 900070.716481 900070.716481
147 1470 0.0134510128959 13.0887711403 12.8487821671 1.6131541857480968e+01 18.1190476983 22.7691109817 890618.058832 890618.058832 890618.058832 890618.058832 890618.058832 890618.058832 890618.058832 890618.058832 890618.058832 890618.058832
148 1480 0.01299956805 13.0592740708 12.8487821671 1.5286371234899290e+01 17.6473411516 25.966114233 881264.6742 881264.6742 881264.6742 881264.6742 881264.6742 881264.6742 881264.6742 881264.6742 881264.6742 881264.6742
149 1490 0.0132700934709 13.1528270096 12.8487821671 1.3656613840004351e+01 15.9612185795 21.2796711599 872009.520009 872009.520009 872009.520009 872009.520009 872009.520009 872009.520009 872009.520009 872009.520009 872009.520009 872009.520009
150 1500 0.0130996354599 13.5765827011 12.8185949156 1.2818594915617920e+01 17.2662330684 20.7372049173 862851.56463 862851.56463 862851.56463 862851.56463 862851.56463 862851.56463 862851.56463 862851.56463 862851.56463 862851.56463
151 1510 0.0130378580839 13.6754091078 12.1529222536 1.3417068382558575e+01 13.3283306276 13.7019769398 853789.787268 853789.787268 853789.787268 853789.787268 853789.787268 853789.787268 853789.787268 853789.787268 853789.787268 853789.787268
152 1520 0.0123724650576 13.6977594713 10.6391545907 1.1898930502261718e+01 13.7768878062 14.9240693239 844823.17785 844823.17785 844823.17785 844823.17785 844823.17785 844823.17785 844823.17785 844823.17785 844823.17785 844823.17785
153 1530 0.0115678031091 13.9713032251 10.6391545907 1.4856178962360300e+01 12.4546433907 12.8885846239 835950.736909 835950.736909 835950.736909 835950.736909 835950.736909 835950.736909 835950.736909 835950.736909 835950.736909 835950.736909
154 1540 0.01162895109 13.9637341885 10.6391545907 1.2308648288661718e+01 13.2434188683 12.6815033037 827171.475476 827171.475476 827171.475476 827171.475476 827171.475476 827171.475476 827171.475476 827171.475476 827171.475476 827171.475476
155 1550 0.0131983201468 14.173409527 10.6391545907 1.1129099242635800e+01 14.5385182756 11.7944398874 818484.414969 818484.414969 818484.414969 818484.414969 818484.414969 818484.414969 818484.414969 818484.414969 818484.414969 818484.414969
156 1560 0.0148803123961 15.0657299482 10.4942874826 1.0494287482637027e+01 13.2593930366 14.084728549 809888.58708 809888.58708 809888.58708 809888.58708 809888.58708 809888.58708 809888.58708 809888.58708 809888.58708 809888.58708
157 1570 0.0152082525874 15.9680909709 10.2371420387 1.0316304890241190e+01 11.7638963925 17.2065912655 801383.033675 801383.033675 801383.033675 801383.033675 801383.033675 801383.033675 801383.033675 801383.033675 801383.033675 801383.033675
158 1580 0.0167265378402 16.5861710404 9.59887628182 9.5988762818233990e+00 13.9685965102 14.7185086498 792966.806677 792966.806677 792966.806677 792966.806677 792966.806677 792966.806677 792966.806677 792966.806677 792966.806677 792966.806677
159 1590 0.017021497119 17.3680271739 9.08018394563 9.5379369824277980e+00 10.9044374917 12.8335054257 784638.967971 784638.967971 784638.967971 784638.967971 784638.967971 784638.967971 784638.967971 784638.967971 784638.967971 784638.967971
160 1600 0.0170401069338 17.6664717116 8.65969346286 1.0285828390455576e+01 11.3200143403 12.1035319217 776398.589291 776398.589291 776398.589291 776398.589291 776398.589291 776398.589291 776398.589291 776398.589291 776398.589291 776398.589291
161 1610 0.0162969802017 18.1494425493 7.91895694805 1.1129112321505501e+01 13.8148127496 7.91895694805 768244.752121 768244.752121 768244.752121 768244.752121 768244.752121 768244.752121 768244.752121 768244.752121 768244.752121 768244.752121
162 1620 0.0153230370235 18.2597564334 7.91895694805 9.2681905568327316e+00 14.5646209019 12.2028329177 760176.54759 760176.54759 760176.54759 760176.54759 760176.54759 760176.54759 760176.54759 760176.54759 760176.54759 760176.54759
163 1630 0.0135999233437 18.5036846237 7.91895694805 9.1892660325775513e+00 8.53391405711 13.105415632 752193.076374 752193.076374 752193.076374 752193.076374 752193.076374 752193.076374 752193.076374 752193.076374 752193.076374 752193.076374
164 1640 0.0139329022171 18.6302973385 7.30124482144 7.3012448214389964e+00 9.19373679552 11.9068660984 744293.448592 744293.448592 744293.448592 744293.448592 744293.448592 744293.448592 744293.448592 744293.448592 744293.448592 744293.448592
165 1650 0.0148591250871 19.6483310757 6.73169326354 6.7316932635363758e+00 9.19683921232 9.72673886967 736476.783711 736476.783711 736476.783711 736476.783711 736476.783711 736476.783711 736476.783711 736476.783711 736476.783711 736476.783711
166 1660 0.014653043459 20.7530773235 6.73169326354 8.0335544697195154e+00 9.54947111768 7.17747197676 728742.210443 728742.210443 728742.210443 728742.210443 728742.210443 728742.210443 728742.210443 728742.210443 728742.210443 728742.210443
167 1670 0.0154851187067 20.8340539744 6.73169326354 7.2058612602490149e+00 8.02342197923 8.90801827592 721088.866651 721088.866651 721088.866651 721088.866651 721088.866651 721088.866651 721088.866651 721088.866651 721088.866651 721088.866651
168 1680 0.0154030918962 21.9639844782 6.2196970624 7.2070585239853493e+00 7.34894750389 6.2196970624 713515.899253 713515.899253 713515.899253 713515.899253 713515.899253 713515.899253 713515.899253 713515.899253 713515.899253 713515.899253
169 1690 0.0144741420257 22.3169025274 6.2196970624 6.6425611467633985e+00 8.37010152546 22.8731846576 706022.464127 706022.464127 706022.464127 706022.464127 706022.464127 706022.464127 706022.464127 706022.464127 706022.464127 706022.464127
170 1700 0.0136488209049 22.7347863037 6.2196970624 6.4633152525213395e+00 6.80826453224 6.51427658546 698607.726014 698607.726014 698607.726014 698607.726014 698607.726014 698607.726014 698607.726014 698607.726014 698607.726014 698607.726014
171 1710 0.0125027328983 22.7808086679 5.799125546 5.7991255459966782e+00 7.79272037392 18.0070170289 691270.858427 691270.858427 691270.858427 691270.858427 691270.858427 691270.858427 691270.858427 691270.858427 691270.858427 691270.858427
172 1720 0.0114838932594 23.009983112 5.799125546 6.4761097316060834e+00 6.77926045954 6.5293702864 684011.043561 684011.043561 684011.043561 684011.043561 684011.043561 684011.043561 684011.043561 684011.043561 684011.043561 684011.043561
173 1730 0.0106442510344 23.0073837778 5.799125546 6.7089345047939712e+00 7.11766433426 6.04325227591 676827.472199 676827.472199 676827.472199 676827.472199 676827.472199 676827.472199 676827.472199 676827.472199 676827.472199 676827.472199
174 1740 0.00984498753327 23.03530902 5.799125546 6.1036962646137400e+00 7.84088204273 6.9451020491 669719.34362 669719.34362 669719.34362 669719.34362 669719.34362 669719.34362 669719.34362 669719.34362 669719.34362 669719.34362
175 1750 0.00982330371208 22.8050698199 5.70713487092 5.7071348709164216e+00 6.47273487015 5.92479849238 662685.865516 662685.865516 662685.865516 662685.865516 662685.865516 662685.865516 662685.865516 662685.865516 662685.865516 662685.865516
176 1760 0.00956669102399 22.9192902228 5.70713487092 6.0059467363161447e+00 6.10855180023 7.39427339196 655726.253898 655726.253898 655726.253898 655726.253898 655726.253898 655726.253898 655726.253898 655726.253898 655726.253898 655726.253898
177 1770 0.00950995515455 22.8338850246 5.70713487092 6.4305460209421357e+00 7.01949201332 5.90718034673 648839.73301 648839.73301 648839.73301 648839.73301 648839.73301 648839.73301 648839.73301 648839.73301 648839.73301 648839.73301
178 1780 0.0102219129216 22.7204903276 5.70713487092 6.3244931285400900e+00 6.83496111876 6.70043390332 642025.535243 642025.535243 642025.535243 642025.535243 642025.535243 642025.535243 642025.535243 642025.535243 642025.535243 642025.535243
179 1790 0.010863701632 22.4552650876 5.70713487092 6.2478101280183767e+00 6.42923560521 7.06634237788 635282.901053 635282.901053 635282.901053 635282.901053 635282.901053 635282.901053 635282.901053 635282.901053 635282.901053 635282.901053
180 1800 0.0107923832673 22.4823890151 5.70713487092 6.1531307185080228e+00 6.86486056356 10.2687169779 628611.078868 628611.078868 628611.078868 628611.078868 628611.078868 628611.078868 628611.078868 628611.078868 628611.078868 628611.078868
181 1810 0.0109109016477 22.3081308982 5.70713487092 6.1918645075060503e+00 7.08098898868 6.26703053098 622009.325012 622009.325012 622009.325012 622009.325012 622009.325012 622009.325012 622009.325012 622009.325012 622009.325012 622009.325012
182 1820 0.00977627814901 22.3513016464 5.70713487092 6.4272655618166183e+00 6.42354438152 5.98961136741 615476.903618 615476.903618 615476.903618 615476.903618 615476.903618 615476.903618 615476.903618 615476.903618 615476.903618 615476.903618
183 1830 0.00941796343913 22.5209151338 5.70713487092 5.7436301402899099e+00 6.5604216557 7.72716801744 609013.086549 609013.086549 609013.086549 609013.086549 609013.086549 609013.086549 609013.086549 609013.086549 609013.086549 609013.086549
184 1840 0.00895969315063 23.2537016662 5.70713487092 6.0705513348186404e+00 6.32972578713 5.73846773655 602617.153312 602617.153312 602617.153312 602617.153312 602617.153312 602617.153312 602617.153312 602617.153312 602617.153312 602617.153312
185 1850 0.00863950235287 23.3679072034 5.70713487092 5.9649409771952815e+00 6.76645253386 6.41657190336 596288.390983 596288.390983 596288.390983 596288.390983 596288.390983 596288.390983 596288.390983 596288.390983 596288.390983 596288.390983
186 1860 0.00852242136261 23.5760644123 5.70713487092 5.9359192784340449e+00 6.08093699768 5.97061038674 590026.094124 590026.094124 590026.094124 590026.094124 590026.094124 590026.094124 590026.094124 590026.094124 590026.094124 590026.094124
187 1870 0.00853562390789 23.3519599868 5.70713487092 5.7784928672460101e+00 6.46769098612 6.5919701065 583829.564707 583829.564707 583829.564707 583829.564707 583829.564707 583829.564707 583829.564707 583829.564707 583829.564707 583829.564707
188 1880 0.0083874909046 23.4993195257 5.70713487092 5.7598598786848036e+00 6.04651976501 6.60573205958 577698.112034 577698.112034 577698.112034 577698.112034 577698.112034 577698.112034 577698.112034 577698.112034 577698.112034 577698.112034
189 1890 0.00817882111732 23.4281380264 5.70713487092 5.7971814369188159e+00 6.18787749803 6.1283800596 571631.052659 571631.052659 571631.052659 571631.052659 571631.052659 571631.052659 571631.052659 571631.052659 571631.052659 571631.052659
190 1900 0.00811793063173 23.1876322832 5.70713487092 5.7123932189593347e+00 6.23117448914 7.92761175947 565627.710318 565627.710318 565627.710318 565627.710318 565627.710318 565627.710318 565627.710318 565627.710318 565627.710318 565627.710318
191 1910 0.0084801919445 22.8964657626 5.68136635469 5.6813663546897635e+00 5.99715609581 7.11511650464 559687.415845 559687.415845 559687.415845 559687.415845 559687.415845 559687.415845 559687.415845 559687.415845 559687.415845 559687.415845
192 1920 0.00745698735806 22.8784721572 5.5743800961 5.6051654971861256e+00 5.92493809669 5.63081805052 553809.507103 553809.507103 553809.507103 553809.507103 553809.507103 553809.507103 553809.507103 553809.507103 553809.507103 553809.507103
193 1930 0.00715483479385 22.8618334354 5.5743800961 5.8209487686138015e+00 5.77823630974 6.03424498549 547993.328909 547993.328909 547993.328909 547993.328909 547993.328909 547993.328909 547993.328909 547993.328909 547993.328909 547993.328909
194 1940 0.00644154099583 23.3013110065 5.50088822475 5.7526874203452509e+00 6.06737777047 5.50088822475 542238.232962 542238.232962 542238.232962 542238.232962 542238.232962 542238.232962 542238.232962 542238.232962 542238.232962 542238.232962
195 1950 0.00574434772514 23.3394734311 5.50088822475 5.7278239925564209e+00 5.93712347934 6.05880242476 536543.577768 536543.577768 536543.577768 536543.577768 536543.577768 536543.577768 536543.577768 536543.577768 536543.577768 536543.577768
196 1960 0.00558243240298 23.4693992801 5.50088822475 5.6240794322101850e+00 5.98585331841 5.6342435915 530908.728571 530908.728571 530908.728571 530908.728571 530908.728571 530908.728571 530908.728571 530908.728571 530908.728571 530908.728571
197 1970 0.00550384317101 23.8329885865 5.48149713103 5.5600748477794202e+00 5.56358781335 5.48149713103 525333.057279 525333.057279 525333.057279 525333.057279 525333.057279 525333.057279 525333.057279 525333.057279 525333.057279 525333.057279
198 1980 0.00529731212728 23.8822380381 5.44107728408 5.4766687462415424e+00 5.74177237769 5.44107728408 519815.9424 519815.9424 519815.9424 519815.9424 519815.9424 519815.9424 519815.9424 519815.9424 519815.9424 519815.9424
199 1990 0.00532674524815 24.0264520285 5.34041712604 5.3404171260434330e+00 5.46747094444 5.62775620444 514356.768966 514356.768966 514356.768966 514356.768966 514356.768966 514356.768966 514356.768966 514356.768966 514356.768966 514356.768966
200 2000 0.00517353089706 24.4105771735 5.34041712604 5.3547226874986720e+00 5.58615762396 5.52763244731 508954.928468 508954.928468 508954.928468 508954.928468 508954.928468 508954.928468 508954.928468 508954.928468 508954.928468 508954.928468
201 2010 0.00528228524695 24.9369839788 5.34041712604 5.3697933861477978e+00 5.45686851773 5.37251352749 503609.81879 503609.81879 503609.81879 503609.81879 503609.81879 503609.81879 503609.81879 503609.81879 503609.81879 503609.81879
202 2020 0.00555467031006 24.6327095256 5.26219151911 5.2621915191103650e+00 5.48497102553 5.58771312229 498320.844136 498320.844136 498320.844136 498320.844136 498320.844136 498320.844136 498320.844136 498320.844136 498320.844136 498320.844136
203 2030 0.0063917145676 25.1170329559 5.14175933634 5.2706443456310215e+00 5.42350741407 5.14175933634 493087.41497 493087.41497 493087.41497 493087.41497 493087.41497 493087.41497 493087.41497 493087.41497 493087.41497 493087.41497
204 2040 0.0069978273169 25.0730928319 5.03898436118 5.1208264661231446e+00 5.49131821238 5.58831835228 487908.947946 487908.947946 487908.947946 487908.947946 487908.947946 487908.947946 487908.947946 487908.947946 487908.947946 487908.947946
205 2050 0.00789067954722 25.0834617573 5.00662024508 5.0155871307467885e+00 5.28727537071 5.83809197758 482784.865843 482784.865843 482784.865843 482784.865843 482784.865843 482784.865843 482784.865843 482784.865843 482784.865843 482784.865843
206 2060 0.00847953469661 25.8817633873 4.76553368682 4.7655336868220646e+00 4.98958610023 4.85856897476 477714.597506 477714.597506 477714.597506 477714.597506 477714.597506 477714.597506 477714.597506 477714.597506 477714.597506 477714.597506
207 2070 0.00854856146024 25.9099070995 4.76553368682 4.8715415481599420e+00 5.37535566477 6.12319687585 472697.577774 472697.577774 472697.577774 472697.577774 472697.577774 472697.577774 472697.577774 472697.577774 472697.577774 472697.577774
208 2080 0.0078050450881 26.0845809134 4.76553368682 5.1348858895249645e+00 5.20294036576 4.89383854606 467733.247425 467733.247425 467733.247425 467733.247425 467733.247425 467733.247425 467733.247425 467733.247425 467733.247425 467733.247425
209 2090 0.00717850254948 25.6832405417 4.76553368682 5.0862778886295796e+00 5.0722088142 5.62454699369 462821.053107 462821.053107 462821.053107 462821.053107 462821.053107 462821.053107 462821.053107 462821.053107 462821.053107 462821.053107
210 2100 0.0068020120623 25.5202682366 4.63644724665 4.9631233863225326e+00 5.48177947926 4.63644724665 457960.447282 457960.447282 457960.447282 457960.447282 457960.447282 457960.447282 457960.447282 457960.447282 457960.447282 457960.447282
211 2110 0.00621339692407 25.5175075847 4.63644724665 4.9393221076528668e+00 5.15905342304 5.0462240424 453150.888159 453150.888159 453150.888159 453150.888159 453150.888159 453150.888159 453150.888159 453150.888159 453150.888159 453150.888159
212 2120 0.00602924051852 25.5942364837 4.63644724665 4.8219270204743756e+00 5.05410285625 5.23539961757 448391.839641 448391.839641 448391.839641 448391.839641 448391.839641 448391.839641 448391.839641 448391.839641 448391.839641 448391.839641
213 2130 0.0058936479169 26.0860784635 4.63644724665 4.8357351187138757e+00 4.91260642519 5.54805919131 443682.771259 443682.771259 443682.771259 443682.771259 443682.771259 443682.771259 443682.771259 443682.771259 443682.771259 443682.771259
214 2140 0.00597905839708 25.7004586876 4.63644724665 4.6503550490408756e+00 5.00228026954 4.67223192865 439023.158114 439023.158114 439023.158114 439023.158114 439023.158114 439023.158114 439023.158114 439023.158114 439023.158114 439023.158114
215 2150 0.00653128600075 26.5979684031 4.6013357013 4.6013357012966667e+00 4.82833112647 4.8213465072 434412.480822 434412.480822 434412.480822 434412.480822 434412.480822 434412.480822 434412.480822 434412.480822 434412.480822 434412.480822
216 2160 0.00664032481185 28.3831682847 4.49362471185 4.6162994478325201e+00 4.74786195627 4.8616386367 429850.225452 429850.225452 429850.225452 429850.225452 429850.225452 429850.225452 429850.225452 429850.225452 429850.225452 429850.225452
217 2170 0.00664613441458 28.8980493508 4.44117491598 4.6574050970500291e+00 4.93868157116 4.44117491598 425335.88347 425335.88347 425335.88347 425335.88347 425335.88347 425335.88347 425335.88347 425335.88347 425335.88347 425335.88347
218 2180 0.00645970148338 28.9462058363 4.36239660175 4.3623966017512874e+00 4.63484439797 4.6021679944 420868.951685 420868.951685 420868.951685 420868.951685 420868.951685 420868.951685 420868.951685 420868.951685 420868.951685 420868.951685
219 2190 0.00596969628583 29.5709153197 4.36239660175 4.3990562954532368e+00 4.84647440958 5.42269011961 416448.932188 416448.932188 416448.932188 416448.932188 416448.932188 416448.932188 416448.932188 416448.932188 416448.932188 416448.932188
220 2200 0.00602294417576 30.2039260408 4.36239660175 4.5244469984765807e+00 4.66624781107 4.44451034481 412075.3323 412075.3323 412075.3323 412075.3323 412075.3323 412075.3323 412075.3323 412075.3323 412075.3323 412075.3323
221 2210 0.00603067320428 30.3153497791 4.36239660175 4.4715580621500406e+00 4.58807432307 4.47719471836 407747.664517 407747.664517 407747.664517 407747.664517 407747.664517 407747.664517 407747.664517 407747.664517 407747.664517 407747.664517
222 2220 0.00588584385418 30.2466250883 4.36239660175 4.4173492532428194e+00 4.64093933916 4.36305084187 403465.446454 403465.446454 403465.446454 403465.446454 403465.446454 403465.446454 403465.446454 403465.446454 403465.446454 403465.446454
223 2230 0.00596832094326 31.1580088854 4.36239660175 4.4986846200848092e+00 4.39644497024 4.40603435271 399228.200792 399228.200792 399228.200792 399228.200792 399228.200792 399228.200792 399228.200792 399228.200792 399228.200792 399228.200792
224 2240 0.00577685884461 31.4250360605 4.36239660175 4.3861006096211295e+00 4.67277311236 4.67234991811 395035.455226 395035.455226 395035.455226 395035.455226 395035.455226 395035.455226 395035.455226 395035.455226 395035.455226 395035.455226
225 2250 0.00566216736293 31.3712683262 4.2563103774 4.3079864750784731e+00 4.49780129663 4.2563103774 390886.742409 390886.742409 390886.742409 390886.742409 390886.742409 390886.742409 390886.742409 390886.742409 390886.742409 390886.742409
226 2260 0.00629858018509 31.4319169268 4.09082580975 4.2199201081220261e+00 4.18615575164 4.09082580975 386781.599904 386781.599904 386781.599904 386781.599904 386781.599904 386781.599904 386781.599904 386781.599904 386781.599904 386781.599904
227 2270 0.00691882265998 31.2935636749 4.08196015814 4.1187391502316792e+00 4.37285106157 4.59088868199 382719.57013 382719.57013 382719.57013 382719.57013 382719.57013 382719.57013 382719.57013 382719.57013 382719.57013 382719.57013
228 2280 0.00693454872072 31.415633841 4.03939748503 4.1246327471472597e+00 4.4452657485 4.09212908368 378700.200312 378700.200312 378700.200312 378700.200312 378700.200312 378700.200312 378700.200312 378700.200312 378700.200312 378700.200312
229 2290 0.00740167002777 31.6241844642 3.95185014862 3.9899177868314641e+00 4.33347200734 4.26353824048 374723.042429 374723.042429 374723.042429 374723.042429 374723.042429 374723.042429 374723.042429 374723.042429 374723.042429 374723.042429
230 2300 0.00777867725465 34.3478120539 3.88867717483 3.8886771748295379e+00 4.34141314105 3.95805042918 370787.653166 370787.653166 370787.653166 370787.653166 370787.653166 370787.653166 370787.653166 370787.653166 370787.653166 370787.653166
231 2310 0.00799798412591 35.427757548 3.83872752559 3.8558104085430811e+00 4.01906133641 4.10552149991 366893.593864 366893.593864 366893.593864 366893.593864 366893.593864 366893.593864 366893.593864 366893.593864 366893.593864 366893.593864
232 2320 0.00839395228184 36.273562791 3.73090413963 3.9403601431216440e+00 4.08611228819 3.73090413963 363040.43047 363040.43047 363040.43047 363040.43047 363040.43047 363040.43047 363040.43047 363040.43047 363040.43047 363040.43047
233 2330 0.0086145832564 37.3471081203 3.73090413963 3.8454323297483382e+00 4.1215938565 3.89212538126 359227.73349 359227.73349 359227.73349 359227.73349 359227.73349 359227.73349 359227.73349 359227.73349 359227.73349 359227.73349
234 2340 0.00907067206615 37.1002186057 3.73090413963 3.7855606024300248e+00 3.96187776033 4.17521429509 355455.077941 355455.077941 355455.077941 355455.077941 355455.077941 355455.077941 355455.077941 355455.077941 355455.077941 355455.077941
235 2350 0.00904329357816 38.0541055546 3.54686799214 3.5468679921385426e+00 4.02924946537 4.03344633285 351722.043303 351722.043303 351722.043303 351722.043303 351722.043303 351722.043303 351722.043303 351722.043303 351722.043303 351722.043303
236 2360 0.00945973316416 39.3653422221 3.40975202105 3.4097520210519652e+00 3.93910913132 4.24571682314 348028.213471 348028.213471 348028.213471 348028.213471 348028.213471 348028.213471 348028.213471 348028.213471 348028.213471 348028.213471
237 2370 0.00941302479732 42.7103430535 3.37179453235 3.5663527751338728e+00 3.49196559048 3.37179453235 344373.176713 344373.176713 344373.176713 344373.176713 344373.176713 344373.176713 344373.176713 344373.176713 344373.176713 344373.176713
238 2380 0.0100692903424 43.5196650627 3.28255404082 3.2825540408158407e+00 3.66914579184 4.02004645629 340756.525617 340756.525617 340756.525617 340756.525617 340756.525617 340756.525617 340756.525617 340756.525617 340756.525617 340756.525617
239 2390 0.0114899323447 45.4595434469 3.0445970042 3.2073497064107506e+00 3.45277342613 3.0445970042 337177.857053 337177.857053 337177.857053 337177.857053 337177.857053 337177.857053 337177.857053 337177.857053 337177.857053 337177.857053
240 2400 0.0130309389019 46.8461589593 3.0445970042 3.0864687032699014e+00 3.23297438041 3.87970801473 333636.772123 333636.772123 333636.772123 333636.772123 333636.772123 333636.772123 333636.772123 333636.772123 333636.772123 333636.772123
241 2410 0.0136587744491 48.848490785 2.7897031564 2.7897031563982595e+00 3.57836183073 4.58579179442 330132.87612 330132.87612 330132.87612 330132.87612 330132.87612 330132.87612 330132.87612 330132.87612 330132.87612 330132.87612
242 2420 0.0155861975425 51.4459714923 2.59292877891 2.5929287789128557e+00 3.22748475147 3.12911535504 326665.77848 326665.77848 326665.77848 326665.77848 326665.77848 326665.77848 326665.77848 326665.77848 326665.77848 326665.77848
243 2430 0.01611871275 54.9495012025 2.52418781532 2.8030635951570915e+00 2.66761832859 3.04116724334 323235.092742 323235.092742 323235.092742 323235.092742 323235.092742 323235.092742 323235.092742 323235.092742 323235.092742 323235.092742
244 2440 0.016501802749 56.1074253971 2.52418781532 2.9584005577752377e+00 3.32034009306 2.96217243987 319840.436505 319840.436505 319840.436505 319840.436505 319840.436505 319840.436505 319840.436505 319840.436505 319840.436505 319840.436505
245 2450 0.0154269401855 53.9534768727 2.52418781532 2.6541446221203508e+00 3.57384924963 3.18296898646 316481.431381 316481.431381 316481.431381 316481.431381 316481.431381 316481.431381 316481.431381 316481.431381 316481.431381 316481.431381
246 2460 0.0140469104193 54.3531020039 2.4936067822 3.0729382926380029e+00 2.68259951948 2.64304059324 313157.702958 313157.702958 313157.702958 313157.702958 313157.702958 313157.702958 313157.702958 313157.702958 313157.702958 313157.702958
247 2470 0.0123370014234 54.3923348219 2.4936067822 2.5838330295556928e+00 2.85484914353 3.55380284815 309868.880755 309868.880755 309868.880755 309868.880755 309868.880755 309868.880755 309868.880755 309868.880755 309868.880755 309868.880755
248 2480 0.011325219602 53.8566605335 2.4936067822 2.8407832379278775e+00 2.56774588113 4.27754724776 306614.598183 306614.598183 306614.598183 306614.598183 306614.598183 306614.598183 306614.598183 306614.598183 306614.598183 306614.598183
249 2490 0.0108474325198 52.5960178593 2.4936067822 2.6157352668550429e+00 2.88898568539 2.88483187304 303394.492503 303394.492503 303394.492503 303394.492503 303394.492503 303394.492503 303394.492503 303394.492503 303394.492503 303394.492503
250 2500 0.0108480342103 53.4687168668 2.45919979203 2.6153336967667857e+00 2.74528939245 2.67434400605 300208.204783 300208.204783 300208.204783 300208.204783 300208.204783 300208.204783 300208.204783 300208.204783 300208.204783 300208.204783
251 2510 0.00997866063935 53.1421310386 2.45919979203 2.6728713646213160e+00 2.77520045732 2.84598322615 297055.379865 297055.379865 297055.379865 297055.379865 297055.379865 297055.379865 297055.379865 297055.379865 297055.379865 297055.379865
252 2520 0.0106372342726 53.8009684882 2.42203056949 2.4794694190170090e+00 2.95223320708 2.68612920517 293935.666316 293935.666316 293935.666316 293935.666316 293935.666316 293935.666316 293935.666316 293935.666316 293935.666316 293935.666316
253 2530 0.0103119215153 56.5257916722 2.42203056949 2.5933321725850300e+00 2.82496676051 2.51383903993 290848.716398 290848.716398 290848.716398 290848.716398 290848.716398 290848.716398 290848.716398 290848.716398 290848.716398 290848.716398
254 2540 0.00925722113318 56.3210960709 2.42203056949 2.5737659580377921e+00 2.75744012597 3.21113192336 287794.186022 287794.186022 287794.186022 287794.186022 287794.186022 287794.186022 287794.186022 287794.186022 287794.186022 287794.186022
255 2550 0.00798686195326 56.2021154471 2.42203056949 2.5904434788008635e+00 2.64325582261 2.85210213144 284771.734715 284771.734715 284771.734715 284771.734715 284771.734715 284771.734715 284771.734715 284771.734715 284771.734715 284771.734715
256 2560 0.0072750711782 56.5317330177 2.42203056949 2.4984175872768013e+00 2.6345446355 2.75631756224 281781.025577 281781.025577 281781.025577 281781.025577 281781.025577 281781.025577 281781.025577 281781.025577 281781.025577 281781.025577
257 2570 0.00716005571402 57.2161406082 2.41014985045 2.4433361873317478e+00 2.5623911986 2.7375777819 278821.725248 278821.725248 278821.725248 278821.725248 278821.725248 278821.725248 278821.725248 278821.725248 278821.725248 278821.725248
258 2580 0.00770136871228 57.8369651456 2.34597849995 2.4042113893469228e+00 2.50605602277 2.62518319092 275893.50387 275893.50387 275893.50387 275893.50387 275893.50387 275893.50387 275893.50387 275893.50387 275893.50387 275893.50387
259 2590 0.00816193200627 60.1591881963 2.28989555303 2.2898955530261413e+00 2.56997045388 2.34495679283 272996.035047 272996.035047 272996.035047 272996.035047 272996.035047 272996.035047 272996.035047 272996.035047 272996.035047 272996.035047
260 2600 0.0080793911405 62.026023108 2.28989555303 2.3348039910174681e+00 2.33000290953 2.47861937042 270128.995811 270128.995811 270128.995811 270128.995811 270128.995811 270128.995811 270128.995811 270128.995811 270128.995811 270128.995811
261 2610 0.00813189767967 62.1904179501 2.26803361868 2.4174523521873819e+00 2.26803361868 2.4582331454 267292.066588 267292.066588 267292.066588 267292.066588 267292.066588 267292.066588 267292.066588 267292.066588 267292.066588 267292.066588
262 2620 0.00829997372652 62.5827530364 2.23824796085 2.2382479608475667e+00 2.45187137679 2.81303390844 264484.931158 264484.931158 264484.931158 264484.931158 264484.931158 264484.931158 264484.931158 264484.931158 264484.931158 264484.931158
263 2630 0.00839818689045 62.8606591997 2.22962379206 2.2400091708834609e+00 2.36173724357 2.43949218455 261707.276622 261707.276622 261707.276622 261707.276622 261707.276622 261707.276622 261707.276622 261707.276622 261707.276622 261707.276622
264 2640 0.00812450842712 64.0161054759 2.18058210548 2.2064980403294596e+00 2.32420175747 2.42642820434 258958.79337 258958.79337 258958.79337 258958.79337 258958.79337 258958.79337 258958.79337 258958.79337 258958.79337 258958.79337
265 2650 0.00794724077505 64.3142016204 2.18058210548 2.2203047977160213e+00 2.30816223281 2.23638018493 256239.17504 256239.17504 256239.17504 256239.17504 256239.17504 256239.17504 256239.17504 256239.17504 256239.17504 256239.17504
266 2660 0.00752896275959 64.4347609032 2.17593901225 2.2176136755249991e+00 2.33967978856 2.65918967008 253548.118489 253548.118489 253548.118489 253548.118489 253548.118489 253548.118489 253548.118489 253548.118489 253548.118489 253548.118489
267 2670 0.00735004780068 64.2389600102 2.17593901225 2.1824391398598135e+00 2.4274031939 2.2852766064 250885.323757 250885.323757 250885.323757 250885.323757 250885.323757 250885.323757 250885.323757 250885.323757 250885.323757 250885.323757
268 2680 0.00676238534725 65.2702978905 2.17593901225 2.1946057260083607e+00 2.3408906465 2.48290470209 248250.494036 248250.494036 248250.494036 248250.494036 248250.494036 248250.494036 248250.494036 248250.494036 248250.494036 248250.494036
269 2690 0.00662538684831 65.8750701417 2.12836697402 2.1733713395301968e+00 2.16251574392 2.12836697402 245643.335633 245643.335633 245643.335633 245643.335633 245643.335633 245643.335633 245643.335633 245643.335633 245643.335633 245643.335633
270 2700 0.00681992654957 68.7403846136 2.12836697402 2.1298710040319428e+00 2.19850739013 2.21908554788 243063.557941 243063.557941 243063.557941 243063.557941 243063.557941 243063.557941 243063.557941 243063.557941 243063.557941 243063.557941
271 2710 0.00715120133196 69.1124490135 2.10706861538 2.1070686153817073e+00 2.17876513814 2.14875214607 240510.873404 240510.873404 240510.873404 240510.873404 240510.873404 240510.873404 240510.873404 240510.873404 240510.873404 240510.873404
272 2720 0.007840358641 70.137849803 2.05259114786 2.0525911478557308e+00 2.14247528361 2.46088682934 237984.997486 237984.997486 237984.997486 237984.997486 237984.997486 237984.997486 237984.997486 237984.997486 237984.997486 237984.997486
273 2730 0.00787555386305 69.8445866765 2.05259114786 2.1118182093866271e+00 2.11227243103 2.0773211549 235485.64864 235485.64864 235485.64864 235485.64864 235485.64864 235485.64864 235485.64864 235485.64864 235485.64864 235485.64864
274 2740 0.00828843202863 69.4600615892 2.01273003108 2.0855454811992056e+00 2.11744406005 2.01273003108 233012.548274 233012.548274 233012.548274 233012.548274 233012.548274 233012.548274 233012.548274 233012.548274 233012.548274 233012.548274
275 2750 0.00858490419637 69.5719932531 2.01273003108 2.0595793549189025e+00 2.14355250265 2.46359629294 230565.420725 230565.420725 230565.420725 230565.420725 230565.420725 230565.420725 230565.420725 230565.420725 230565.420725 230565.420725
276 2760 0.00859825864859 69.7185937351 1.98158748081 2.0427038981966277e+00 2.0497810704 1.98158748081 228143.993221 228143.993221 228143.993221 228143.993221 228143.993221 228143.993221 228143.993221 228143.993221 228143.993221 228143.993221
277 2770 0.00912516293326 69.9987619402 1.98158748081 2.0212302318095774e+00 2.10399980587 2.10458637141 225747.995859 225747.995859 225747.995859 225747.995859 225747.995859 225747.995859 225747.995859 225747.995859 225747.995859 225747.995859
278 2780 0.00907228545235 69.8040202954 1.98158748081 2.0057209331768102e+00 2.12965037955 2.13697471492 223377.161567 223377.161567 223377.161567 223377.161567 223377.161567 223377.161567 223377.161567 223377.161567 223377.161567 223377.161567
279 2790 0.00877549306594 71.8077725041 1.94457826503 2.0568871685941796e+00 2.02941935677 2.16533329312 221031.226079 221031.226079 221031.226079 221031.226079 221031.226079 221031.226079 221031.226079 221031.226079 221031.226079 221031.226079
280 2800 0.00841804803178 71.8658139887 1.94457826503 1.9814523554410746e+00 2.04220162614 2.01681870721 218709.927906 218709.927906 218709.927906 218709.927906 218709.927906 218709.927906 218709.927906 218709.927906 218709.927906 218709.927906
281 2810 0.00803955886273 70.5154940431 1.94457826503 1.9837906548186683e+00 1.9921638386 2.01225726311 216413.008303 216413.008303 216413.008303 216413.008303 216413.008303 216413.008303 216413.008303 216413.008303 216413.008303 216413.008303
282 2820 0.0082383269356 72.09511569 1.92040006476 1.9358097752451506e+00 1.99817898266 2.08656854736 214140.211243 214140.211243 214140.211243 214140.211243 214140.211243 214140.211243 214140.211243 214140.211243 214140.211243 214140.211243
283 2830 0.00802018326593 72.9249256675 1.90902571592 1.9451315084923582e+00 1.97553519232 1.97515992075 211891.283387 211891.283387 211891.283387 211891.283387 211891.283387 211891.283387 211891.283387 211891.283387 211891.283387 211891.283387
284 2840 0.00827026360155 73.1219988946 1.87293739802 1.9124697870207261e+00 1.98702125756 1.87293739802 209665.97406 209665.97406 209665.97406 209665.97406 209665.97406 209665.97406 209665.97406 209665.97406 209665.97406 209665.97406
285 2850 0.00871748508733 73.5660129203 1.84062666207 1.8406266620743446e+00 1.97413660895 1.8946846005 207464.035215 207464.035215 207464.035215 207464.035215 207464.035215 207464.035215 207464.035215 207464.035215 207464.035215 207464.035215
286 2860 0.00875188466105 73.4426741376 1.81325459018 1.8421548271810966e+00 1.94006095755 2.00510989786 205285.221414 205285.221414 205285.221414 205285.221414 205285.221414 205285.221414 205285.221414 205285.221414 205285.221414 205285.221414
287 2870 0.00914570876128 74.1814681759 1.74320903861 1.8090499572103333e+00 1.88108203009 1.78112930874 203129.289793 203129.289793 203129.289793 203129.289793 203129.289793 203129.289793 203129.289793 203129.289793 203129.289793 203129.289793
288 2880 0.00919454917907 73.5390634385 1.74320903861 1.7950266668611106e+00 1.76450486615 1.81205065888 200996.000042 200996.000042 200996.000042 200996.000042 200996.000042 200996.000042 200996.000042 200996.000042 200996.000042 200996.000042
289 2890 0.00955968537699 73.5138392484 1.74320903861 1.7586209223955147e+00 1.93199775162 1.84644360987 198885.114372 198885.114372 198885.114372 198885.114372 198885.114372 198885.114372 198885.114372 198885.114372 198885.114372 198885.114372
290 2900 0.0100371707242 73.311594836 1.68067312093 1.7073265756723912e+00 1.75107299934 1.68067312093 196796.397493 196796.397493 196796.397493 196796.397493 196796.397493 196796.397493 196796.397493 196796.397493 196796.397493 196796.397493
291 2910 0.0114810551903 75.7704208029 1.63245470796 1.6324547079558085e+00 1.87777003666 1.97284035282 194729.616585 194729.616585 194729.616585 194729.616585 194729.616585 194729.616585 194729.616585 194729.616585 194729.616585 194729.616585
292 2920 0.013245023663 76.3210862011 1.55272864719 1.6020282087087219e+00 1.77719498893 1.93081509852 192684.541275 192684.541275 192684.541275 192684.541275 192684.541275 192684.541275 192684.541275 192684.541275 192684.541275 192684.541275
293 2930 0.0138479791722 76.1458057223 1.55272864719 1.6501670736396872e+00 1.74996586247 1.58423591098 190660.943607 190660.943607 190660.943607 190660.943607 190660.943607 190660.943607 190660.943607 190660.943607 190660.943607 190660.943607
294 2940 0.0150342640152 76.145752317 1.51380234578 1.5283418971963001e+00 1.78503681521 1.59638448311 188658.59802 188658.59802 188658.59802 188658.59802 188658.59802 188658.59802 188658.59802 188658.59802 188658.59802 188658.59802
295 2950 0.0156208741892 74.9658418883 1.51380234578 1.6197907422532629e+00 1.84132869384 1.60386386577 186677.281322 186677.281322 186677.281322 186677.281322 186677.281322 186677.281322 186677.281322 186677.281322 186677.281322 186677.281322
296 2960 0.0171396709875 73.6235268299 1.34413731894 1.3441373189371790e+00 1.64052508525 1.90921009576 184716.772666 184716.772666 184716.772666 184716.772666 184716.772666 184716.772666 184716.772666 184716.772666 184716.772666 184716.772666
297 2970 0.0194130209756 73.4689690806 1.27421346861 1.3117185302019114e+00 1.27421346861 1.44403469748 182776.853521 182776.853521 182776.853521 182776.853521 182776.853521 182776.853521 182776.853521 182776.853521 182776.853521 182776.853521
298 2980 0.0197504865223 74.2817175113 1.18549072418 1.3430704259472044e+00 1.4130244419 2.18256515911 180857.307656 180857.307656 180857.307656 180857.307656 180857.307656 180857.307656 180857.307656 180857.307656 180857.307656 180857.307656
299 2990 0.0210554112802 74.7665355152 1.18549072418 1.3840783815004052e+00 1.52732270142 1.39416847518 178957.921106 178957.921106 178957.921106 178957.921106 178957.921106 178957.921106 178957.921106 178957.921106 178957.921106 178957.921106
300 3000 0.0214180535925 76.9226632652 1.00440651836 1.0044065183629549e+00 1.57664758608 1.23057217922 177078.482157 177078.482157 177078.482157 177078.482157 177078.482157 177078.482157 177078.482157 177078.482157 177078.482157 177078.482157
301 3010 0.0199154093339 77.9579851038 1.00440651836 1.2388937687333572e+00 1.43761124553 1.12827181113 175218.781315 175218.781315 175218.781315 175218.781315 175218.781315 175218.781315 175218.781315 175218.781315 175218.781315 175218.781315
302 3020 0.0199759891827 77.2583589156 1.00378010567 1.0037801056707449e+00 1.33019148939 1.39358072443 173378.611289 173378.611289 173378.611289 173378.611289 173378.611289 173378.611289 173378.611289 173378.611289 173378.611289 173378.611289
303 3030 0.0199702534755 77.323896647 0.921970525905 9.6608221108374415e-01 1.28660006249 2.14691563265 171557.766964 171557.766964 171557.766964 171557.766964 171557.766964 171557.766964 171557.766964 171557.766964 171557.766964 171557.766964
304 3040 0.0195731466867 77.855708928 0.876680643171 1.1180290958529089e+00 1.14920895102 1.60814282898 169756.045379 169756.045379 169756.045379 169756.045379 169756.045379 169756.045379 169756.045379 169756.045379 169756.045379 169756.045379
305 3050 0.019021755261 76.8297219478 0.876680643171 9.4781000695253914e-01 1.10046678155 1.42485572584 167973.245704 167973.245704 167973.245704 167973.245704 167973.245704 167973.245704 167973.245704 167973.245704 167973.245704 167973.245704
306 3060 0.0172463697343 76.3485890187 0.876680643171 9.0380710995787217e-01 0.955283365589 1.03925343974 166209.169219 166209.169219 166209.169219 166209.169219 166209.169219 166209.169219 166209.169219 166209.169219 166209.169219 166209.169219
307 3070 0.0163366311379 76.3840990361 0.820086999372 8.6806317267898037e-01 1.18202885382 1.14183162388 164463.61929 164463.61929 164463.61929 164463.61929 164463.61929 164463.61929 164463.61929 164463.61929 164463.61929 164463.61929
308 3080 0.0169739061368 76.4487231766 0.791708029412 8.9799336857916578e-01 0.791708029412 1.01416810439 162736.40135 162736.40135 162736.40135 162736.40135 162736.40135 162736.40135 162736.40135 162736.40135 162736.40135 162736.40135
309 3090 0.0174766041776 77.7305426614 0.791708029412 1.0758031199368732e+00 0.937255156678 0.865298645078 161027.322873 161027.322873 161027.322873 161027.322873 161027.322873 161027.322873 161027.322873 161027.322873 161027.322873 161027.322873
310 3100 0.0173458462403 80.3386052415 0.704992051564 9.3030721760099566e-01 0.704992051564 0.860103880107 159336.193357 159336.193357 159336.193357 159336.193357 159336.193357 159336.193357 159336.193357 159336.193357 159336.193357 159336.193357
311 3110 0.0175204198512 78.3895636087 0.704992051564 1.0273026479357905e+00 1.08550557572 0.829004633139 157662.824299 157662.824299 157662.824299 157662.824299 157662.824299 157662.824299 157662.824299 157662.824299 157662.824299 157662.824299
312 3120 0.0158828479201 77.3481766798 0.704992051564 8.2286518684351828e-01 1.08739622566 1.58308455121 156007.029176 156007.029176 156007.029176 156007.029176 156007.029176 156007.029176 156007.029176 156007.029176 156007.029176 156007.029176
313 3130 0.0145855038929 76.2053213258 0.704992051564 8.4761202217467801e-01 1.10584738552 0.906992778941 154368.623426 154368.623426 154368.623426 154368.623426 154368.623426 154368.623426 154368.623426 154368.623426 154368.623426 154368.623426
314 3140 0.0156655434217 75.2503215297 0.693325256419 7.1779623862506092e-01 0.76786899492 0.899414590871 152747.424422 152747.424422 152747.424422 152747.424422 152747.424422 152747.424422 152747.424422 152747.424422 152747.424422 152747.424422
315 3150 0.016185116971 73.2421419437 0.662930422553 8.1322832594079475e-01 0.992940211258 0.765438340431 151143.251457 151143.251457 151143.251457 151143.251457 151143.251457 151143.251457 151143.251457 151143.251457 151143.251457 151143.251457
316 3160 0.0169799147797 71.0865386272 0.619828781702 7.2391445034391388e-01 0.953373816173 0.619828781702 149555.925722 149555.925722 149555.925722 149555.925722 149555.925722 149555.925722 149555.925722 149555.925722 149555.925722 149555.925722
317 3170 0.0162486332524 69.7657810168 0.619828781702 6.6839137789350545e-01 0.814653165223 1.25415653481 147985.270284 147985.270284 147985.270284 147985.270284 147985.270284 147985.270284 147985.270284 147985.270284 147985.270284 147985.270284
318 3180 0.0156848258061 69.1494676247 0.589471345198 6.5613930548205701e-01 0.850319650605 0.766328238411 146431.11007 146431.11007 146431.11007 146431.11007 146431.11007 146431.11007 146431.11007 146431.11007 146431.11007 146431.11007
319 3190 0.0163660722083 69.1107098713 0.483271398904 5.1078417323807168e-01 0.692848968816 0.62827425429 144893.271845 144893.271845 144893.271845 144893.271845 144893.271845 144893.271845 144893.271845 144893.271845 144893.271845 144893.271845
320 3200 0.0177491580491 67.2361058226 0.461076962063 4.7136857202040072e-01 0.655284472479 0.73325190948 143371.584194 143371.584194 143371.584194 143371.584194 143371.584194 143371.584194 143371.584194 143371.584194 143371.584194 143867.80593
321 3210 0.0199391150717 65.7874250201 0.434238444888 4.7943962955817482e-01 0.561165491297 0.609976395334 141865.877501 141865.877501 141865.877501 141865.877501 141865.877501 141865.877501 141865.877501 141865.877501 141865.877501 142831.053004
322 3220 0.0210433526114 70.3226523472 0.399089686278 6.1079067642174811e-01 0.699208631591 0.399089686278 140375.983932 140375.983932 140375.983932 140375.983932 140375.983932 140375.983932 140375.983932 140375.983932 140375.983932 141456.454918
323 3230 0.0196568068361 74.08647115 0.399089686278 5.5262973779290503e-01 0.798899008085 0.445050147784 138901.737416 138901.737416 138901.737416 138901.737416 138901.737416 138901.737416 138901.737416 138901.737416 138901.737416 139970.861157
324 3240 0.0190268200982 74.7848019172 0.399089686278 6.3141322933105881e-01 0.817138910985 0.535147211287 137442.973624 137442.973624 137442.973624 137442.973624 137442.973624 137442.973624 137442.973624 137442.973624 137442.973624 138500.869292
325 3250 0.0169260387193 75.7535363877 0.325223010399 3.9110410760907299e-01 0.785763554927 0.708951181663 135999.529957 135999.529957 135999.529957 135999.529957 135999.529957 135999.529957 135999.529957 135999.529957 135999.529957 137046.315469
326 3260 0.0157303342187 75.8496885661 0.325223010399 5.6119337399735969e-01 0.494513717659 0.607126604125 134571.245519 134571.245519 134571.245519 134571.245519 134571.245519 134571.245519 134571.245519 134571.245519 134571.245519 135883.863218
327 3270 0.014891009463 74.1596522201 0.325223010399 5.4957567680950226e-01 0.570984327744 0.74915381026 133157.961107 133157.961107 133157.961107 133157.961107 133157.961107 133157.961107 133157.961107 133157.961107 133157.961107 134456.793527
328 3280 0.0143728142683 72.9717550093 0.325223010399 4.6325083307736792e-01 0.711810532624 0.466244790515 131759.519188 131759.519188 131759.519188 131759.519188 131759.519188 131759.519188 131759.519188 131759.519188 131759.519188 133044.711104
329 3290 0.0148378941466 71.7368580908 0.325223010399 4.2084569687432938e-01 0.616443524321 0.501561785772 130375.763886 130375.763886 130375.763886 130375.763886 130375.763886 130375.763886 130375.763886 130375.763886 130375.763886 131647.458552
330 3300 0.0152604152254 73.3606805386 0.325223010399 3.9822006728560011e-01 0.499833410227 0.550268588098 129006.540958 129006.540958 129006.540958 129006.540958 129006.540958 129006.540958 129006.540958 129006.540958 129006.540958 130533.003349
331 3310 0.0157817438588 75.529480686 0.303426522012 3.1076546800082538e-01 0.511882982437 0.636944734741 127651.697784 127651.697784 127651.697784 127651.697784 127651.697784 127651.697784 127651.697784 127651.697784 127651.697784 129778.258985
332 3320 0.0159335080842 78.1211849971 0.2612272899 2.8442769920869482e-01 0.452934167467 0.266282113899 126311.083346 126311.083346 126311.083346 126311.083346 126311.083346 126311.083346 126311.083346 126311.083346 126311.083346 129201.476527
333 3330 0.016367155151 78.2250997787 0.22867904914 2.2867904914026677e-01 0.447900775432 0.830279472786 124984.548212 124984.548212 124984.548212 124984.548212 124984.548212 124984.548212 124984.548212 124984.548212 124984.548212 128819.764896
334 3340 0.015921133964 82.7392446158 0.213503364382 3.1044136161086838e-01 0.378170729537 0.367676370012 123671.94452 123671.94452 123671.94452 123671.94452 123671.94452 123671.94452 123671.94452 123671.94452 123671.94452 128377.662047
335 3350 0.0157530277967 81.1235163255 0.213503364382 2.8792344287803878e-01 0.397464663725 0.243593857994 122373.125959 122373.125959 122373.125959 122373.125959 122373.125959 122373.125959 122373.125959 122373.125959 122373.125959 127269.846706
336 3360 0.014710459059 78.6140253211 0.213503364382 3.2068250955454469e-01 0.358416421349 0.311487790944 121087.947757 121087.947757 121087.947757 121087.947757 121087.947757 121087.947757 121087.947757 121087.947757 121087.947757 125933.242517
337 3370 0.0148362558284 79.5548797794 0.213503364382 2.2265963354705129e-01 0.303483897178 0.57457831483 119816.266661 119816.266661 119816.266661 119816.266661 119816.266661 119816.266661 119816.266661 119816.266661 119816.266661 124610.675516
338 3380 0.0154115523324 76.4626215731 0.213503364382 2.5209968183503334e-01 0.255728061549 0.446991372079 118557.940922 118557.940922 118557.940922 118557.940922 118557.940922 118557.940922 118557.940922 118557.940922 118557.940922 123301.998282
339 3390 0.0167601473874 75.959920214 0.198112736428 2.1000060993999492e-01 0.276716424996 0.306889456932 117312.83028 117312.83028 117312.83028 117312.83028 117312.83028 117312.83028 117312.83028 117312.83028 117312.83028 122007.064944
340 3400 0.0169477338004 74.7189846181 0.156779690567 1.6772299397754337e-01 0.307625294352 0.4137011252 116080.79595 116080.79595 116080.79595 116080.79595 116080.79595 116080.79595 116080.79595 116080.79595 116080.79595 120725.731162
341 3410 0.0164292688125 73.5002371844 0.12546818664 1.4990094181197688e-01 0.227927952229 0.197811618682 114861.700601 114861.700601 114861.700601 114861.700601 114861.700601 114861.700601 114861.700601 114861.700601 114861.700601 119457.85411
342 3420 0.0160969934815 73.7945177969 0.12546818664 1.6134933475433397e-01 0.174103239001 0.168269098238 113655.408348 113655.408348 113655.408348 113655.408348 113655.408348 113655.408348 113655.408348 113655.408348 113655.408348 118203.292466
343 3430 0.0151622735061 72.9613005781 0.12546818664 1.9587272527488606e-01 0.289077132764 0.265994206805 112461.78473 112461.78473 112461.78473 112461.78473 112461.78473 112461.78473 112461.78473 112461.78473 112461.78473 116961.906388
344 3440 0.0146816569716 72.2430548606 0.0969034801242 9.6903480124179459e-02 0.17295765683 0.417102578665 111280.696699 111280.696699 111280.696699 111280.696699 111280.696699 111280.696699 111280.696699 111280.696699 111280.696699 115733.557505
345 3450 0.0148200355017 73.3356677344 0.0707910217723 7.0791021772298457e-02 0.239264797078 0.158159669155 110112.012606 110112.012606 110112.012606 110112.012606 110112.012606 110112.012606 110112.012606 110112.012606 110112.012606 114518.108899
346 3460 0.0153482282075 75.6768474911 0.0707910217723 8.5645408167301373e-02 0.190315149173 0.145162387259 108955.602183 108955.602183 108955.602183 108955.602183 108955.602183 108955.602183 108955.602183 108955.602183 108955.602183 113315.425089
347 3470 0.0157474053511 76.2228234482 0.067119674913 7.7041945035767154e-02 0.265338648391 1.13482294812 107811.33653 107811.33653 107811.33653 107811.33653 107811.33653 107811.33653 107811.33653 107811.33653 107811.33653 112125.372019
348 3480 0.0155927376744 77.9656163076 0.0376916841602 5.3831993767876021e-02 0.15291908126 0.0832370068623 106679.088101 106679.088101 106679.088101 106679.088101 106679.088101 106679.088101 106679.088101 106679.088101 106679.088101 110947.817038
349 3490 0.0151748748206 77.3248829815 0.0218373441596 6.5431847188128306e-02 0.0218373441596 0.096868588445 105558.730689 105558.730689 105558.730689 105558.730689 105558.730689 105558.730689 105558.730689 105558.730689 105558.730689 109782.628889
350 3500 0.0148668185942 78.9139786122 0.0218373441596 3.4210771161036435e-02 0.158549975963 0.884756838324 104450.139414 104450.139414 104450.139414 104450.139414 104450.139414 104450.139414 104450.139414 104450.139414 104450.139414 108629.677696
351 3510 0.0145939664236 79.1940656766 0.0202059305359 6.7618680276766541e-02 0.353049737242 0.232554931098 103353.190706 103353.190706 103353.190706 103353.190706 103353.190706 103353.190706 103353.190706 103353.190706 103353.190706 107488.834943
352 3520 0.0137965640517 78.7820401065 0.0202059305359 7.0783396315397373e-02 0.0504999445429 0.361967451167 102267.762294 102267.762294 102267.762294 102267.762294 102267.762294 102267.762294 102267.762294 102267.762294 102267.762294 106359.973467
353 3530 0.0128242392296 80.736018131 0.0202059305359 4.6123834635170481e-02 0.0805242485595 0.257179152071 101193.73319 101193.73319 101193.73319 101193.73319 101193.73319 101193.73319 101193.73319 101193.73319 101193.73319 105242.967438
354 3540 0.0119080609762 81.1608641681 0.0202059305359 4.6480832044392316e-02 0.0309859471648 0.0781642291944 100130.983676 100130.983676 100130.983676 100130.983676 100130.983676 100130.983676 100130.983676 100130.983676 100130.983676 104137.692349
355 3550 0.0110012877977 80.8957362212 0.0202059305359 3.7394049182050651e-02 0.0916972309835 0.0940243108321 99079.3952936 99079.3952936 99079.3952936 99079.3952936 99079.3952936 99079.3952936 99079.3952936 99079.3952936 99079.3952936 103044.025
356 3560 0.010445187655 79.1129853268 0.0202059305359 4.9870312048425514e-02 0.0566032192646 0.072171457106 98038.8508268 98038.8508268 98038.8508268 98038.8508268 98038.8508268 98038.8508268 98038.8508268 98038.8508268 98038.8508268 101961.843486
357 3570 0.00948160440513 76.0373527501 0.0202059305359 3.2517115876954002e-02 0.054988737528 0.0535806548216 97009.2342908 97009.2342908 97009.2342908 97009.2342908 97009.2342908 97009.2342908 97009.2342908 97009.2342908 97009.2342908 100891.02718
358 3580 0.0089463831259 75.3342617228 0.0202059305359 2.8777571430086708e-02 0.0421531647908 0.0342155915941 95990.4309192 95990.4309192 95990.4309192 95990.4309192 95990.4309192 95990.4309192 95990.4309192 95990.4309192 95990.4309192 99831.4567233
359 3590 0.00843224892305 76.7821923831 0.0202059305359 2.9782984869558483e-02 0.0445917185833 0.0260476557887 94982.3271508 94982.3271508 94982.3271508 94982.3271508 94982.3271508 94982.3271508 94982.3271508 94982.3271508 94982.3271508 98783.0140112
360 3600 0.00791298680397 75.9208086908 0.0202059305359 2.5404681992437419e-02 0.0421491584309 0.0397523732847 93984.810617 93984.810617 93984.810617 93984.810617 93984.810617 93984.810617 93984.810617 93984.810617 93984.810617 97822.6167543
361 3610 0.00743494956107 75.2056140941 0.0202059305359 3.1083456442491400e-02 0.0536355237199 0.0283172574533 92997.7701293 92997.7701293 92997.7701293 92997.7701293 92997.7701293 92997.7701293 92997.7701293 92997.7701293 92997.7701293 96804.4645098
362 3620 0.00697854499475 75.9575239608 0.019372572148 2.1557992257485770e-02 0.0399596475141 0.02528491228 92021.0956668 92021.0956668 92021.0956668 92021.0956668 92021.0956668 92021.0956668 92021.0956668 92021.0956668 92021.0956668 95787.8116566
363 3630 0.0065856155861 76.0787282646 0.0162144135777 3.2615776428805504e-02 0.0421582155983 0.0185761471192 91054.6783643 91054.6783643 91054.6783643 91054.6783643 91054.6783643 91054.6783643 91054.6783643 91054.6783643 91054.6783643 94781.8358216
364 3640 0.00651237541803 76.5525750352 0.0162144135777 2.7132046541439872e-02 0.0370977504188 0.0301498618628 90098.4104998 90098.4104998 90098.4104998 90098.4104998 90098.4104998 90098.4104998 90098.4104998 90098.4104998 90098.4104998 93876.6443497
365 3650 0.0062583348572 76.8585780293 0.0162144135777 2.5268103646224477e-02 0.0375589373757 0.0350550366469 89152.1854826 89152.1854826 89152.1854826 89152.1854826 89152.1854826 89152.1854826 89152.1854826 89152.1854826 89152.1854826 93051.1166146
366 3660 0.00597626058835 76.1030460548 0.0162144135777 2.6835886986619321e-02 0.0436645153785 0.0255508041301 88215.8978413 88215.8978413 88215.8978413 88215.8978413 88215.8978413 88215.8978413 88215.8978413 88215.8978413 88215.8978413 92073.8819006
367 3670 0.00601318204395 76.1085428255 0.0162144135777 1.9251008219315219e-02 0.0359276308497 0.035558112351 87289.4432125 87289.4432125 87289.4432125 87289.4432125 87289.4432125 87289.4432125 87289.4432125 87289.4432125 87289.4432125 91184.9832816
